320
49.554 -1.022123
49.564 -1.007713
49.574 -0.999622
49.584 -0.989155
49.594 -0.979356
49.604 -0.967484
49.614 -0.958993
49.624 -0.945367
49.634 -0.936755
49.644 -0.931942
49.654 -0.926441
49.664 -0.919626
49.674 -0.917096
49.684 -0.914004
49.694 -0.908648
49.704 -0.903141
49.714 -0.900406
49.724 -0.903614
49.734 -0.901132
49.744 -0.904736
49.754 -0.904095
49.764 -0.903217
49.774 -0.890797
49.784 -0.880781
49.794 -0.867021
49.804 -0.869887
49.814 -0.856982
49.824 -0.851035
49.835 -0.848016
49.845 -0.838859
49.855 -0.840664
49.865 -0.843647
49.875 -0.854596
49.885 -0.863773
49.895 -0.870771
49.905 -0.869399
49.915 -0.877986
49.925 -0.865902
49.935 -0.867154
49.945 -0.878411
49.955 -0.893003
49.965 -0.900798
49.975 -0.908475
49.985 -0.916242
49.995 -0.922059
50.006 -0.925792
50.016 -0.920712
50.026 -0.922273
50.036 -0.916526
50.046 -0.913580
50.056 -0.917653
50.066 -0.915249
50.076 -0.917365
50.086 -0.926374
50.096 -0.935560
50.106 -0.938511
50.116 -0.941129
50.126 -0.944613
50.136 -0.943347
50.146 -0.952835
50.156 -0.958957
50.166 -0.964805
50.176 -0.967417
50.186 -0.969925
50.196 -0.965588
50.206 -0.958741
50.216 -0.955558
50.226 -0.962519
50.236 -0.965258
50.246 -0.975791
50.256 -0.981293
50.266 -0.983266
50.276 -0.989295
50.286 -0.997955
50.296 -1.002838
50.306 -1.001815
50.316 -0.998905
50.326 -1.001641
50.336 -1.004121
50.347 -1.006667
50.357 -1.010663
50.367 -1.006728
50.377 -1.008662
50.387 -1.013541
50.397 -1.016392
50.407 -1.013471
50.417 -1.007225
50.427 -1.009568
50.437 -1.009993
50.447 -1.013193
50.457 -1.023300
50.467 -1.028687
50.477 -1.036605
50.487 -1.003780
50.497 -1.013880
50.507 -1.001288
50.518 -0.993531
50.528 -0.976499
50.538 -0.963835
50.548 -0.960762
50.558 -0.966896
50.568 -0.977526
50.578 -0.976404
50.588 -0.976011
50.598 -0.960446
50.608 -0.952845
50.618 -0.944541
50.628 -0.922762
50.638 -0.900546
50.648 -0.895830
50.658 -0.897824
50.668 -0.899950
50.678 -0.905752
50.688 -0.905398
50.698 -0.895241
50.708 -0.885693
50.718 -0.868454
50.728 -0.860515
50.738 -0.850798
50.748 -0.853287
50.758 -0.857678
50.768 -0.856473
50.778 -0.856646
50.788 -0.868074
50.798 -0.865894
50.808 -0.881936
50.818 -0.892555
50.828 -0.899300
50.838 -0.906751
50.848 -0.917994
50.859 -0.939872
50.869 -0.952877
50.879 -0.963112
50.889 -0.979960
50.899 -0.991682
50.909 -0.998798
50.919 -1.001643
50.929 -0.995452
50.939 -0.993834
50.949 -0.997634
50.959 -1.003260
50.969 -1.022195
50.979 -1.034245
50.989 -1.039722
50.999 -1.044298
51.009 -1.050650
51.019 -1.052519
51.030 -1.051775
51.040 -1.053251
51.050 -1.064611
51.060 -1.062900
51.070 -1.070477
51.080 -1.081035
51.090 -1.092437
51.100 -1.101286
51.110 -1.111141
51.120 -1.106846
51.130 -1.103159
51.140 -1.105989
51.150 -1.112896
51.160 -1.118187
51.170 -1.116762
51.180 -1.095509
51.190 -1.075252
51.200 -1.076974
51.210 -1.076749
51.220 -1.070596
51.230 -1.065479
51.240 -1.063715
51.250 -1.065062
51.260 -1.058174
51.270 -1.057240
51.280 -1.063979
51.290 -1.064480
51.300 -1.059346
51.310 -1.061426
51.320 -1.062889
51.330 -1.060883
51.340 -1.053328
51.350 -1.051354
51.360 -1.056331
51.371 -1.066196
51.381 -1.072509
51.391 -1.078249
51.401 -1.074484
51.411 -1.078691
51.421 -1.077828
51.431 -1.088346
51.441 -1.096342
51.451 -1.093023
51.461 -1.095915
51.471 -1.095139
51.481 -1.085410
51.491 -1.078118
51.501 -1.059060
51.511 -1.056761
51.521 -1.051669
51.531 -1.051662
51.542 -1.052813
51.552 -1.049795
51.562 -1.060383
51.572 -1.061588
51.582 -1.075920
51.592 -1.085298
51.602 -1.080028
51.612 -1.070393
51.622 -1.066026
51.632 -1.031172
51.642 -1.021082
51.652 -1.014681
51.662 -1.021954
51.672 -1.010836
51.682 -1.002562
51.692 -0.992776
51.702 -0.978929
51.712 -0.984814
51.722 -0.992448
51.732 -1.009282
51.742 -1.023024
51.752 -1.029066
51.762 -1.031630
51.772 -1.035021
51.782 -1.043929
51.792 -1.054750
51.802 -1.062487
51.812 -1.070859
51.822 -1.073833
51.832 -1.067775
51.842 -1.070049
51.852 -1.076251
51.862 -1.090276
51.872 -1.098780
51.883 -1.101792
51.893 -1.109508
51.903 -1.109696
51.913 -1.115160
51.923 -1.125638
51.933 -1.126272
51.943 -1.129523
51.953 -1.134956
51.963 -1.135093
51.973 -1.134270
51.983 -1.128585
51.993 -1.129138
52.003 -1.125681
52.013 -1.124505
52.023 -1.120953
52.033 -1.117216
52.043 -1.112305
52.054 -1.114857
52.064 -1.117008
52.074 -1.119408
52.084 -1.120130
52.094 -1.121606
52.104 -1.121095
52.114 -1.106043
52.124 -1.088635
52.134 -1.088212
52.144 -1.098102
52.154 -1.110398
52.164 -1.117574
52.174 -1.116664
52.184 -1.121451
52.194 -1.124603
52.204 -1.119697
52.214 -1.117641
52.224 -1.117713
52.234 -1.119364
52.244 -1.126721
52.254 -1.136233
52.264 -1.140199
52.274 -1.141497
52.284 -1.145725
52.294 -1.144387
52.304 -1.146721
52.314 -1.141432
52.324 -1.140512
52.334 -1.145067
52.344 -1.149289
52.354 -1.152448
52.364 -1.156912
52.374 -1.159082
52.384 -1.157727
52.395 -1.157364
52.405 -1.153288
52.415 -1.157667
52.425 -1.163320
52.435 -1.170281
52.445 -1.173063
52.455 -1.178104
52.465 -1.181820
52.475 -1.183272
52.485 -1.178982
52.495 -1.175163
52.505 -1.168554
52.515 -1.163119
52.525 -1.156208
52.535 -1.158344
52.545 -1.160171
52.555 -1.158038
52.566 -1.156881
52.576 -1.151221
52.586 -1.150698
52.596 -1.155423
52.606 -1.155408
52.616 -1.156147
52.626 -1.157235
52.636 -1.157090
52.646 -1.162309
52.656 -1.164507
52.666 -1.163157
52.676 -1.162525
52.686 -1.163015
52.696 -1.166796
52.706 -1.170116
52.716 -1.169406
52.726 -1.169535
52.736 -1.166232
52.746 -1.164004
52.756 -1.162502
52.766 -1.168740
52.776 -1.169115
52.786 -1.170804
52.796 -1.170157
52.806 -1.172340
52.816 -1.173040
52.826 -1.170408
52.836 -1.173131
52.846 -1.176438
52.856 -1.179211
52.866 -1.183780
52.876 -1.187282
52.886 -1.189771
52.896 -1.191667
52.907 -1.187384
52.917 -1.190066
52.927 -1.188625
52.937 -1.187536
52.947 -1.185430
52.957 -1.182061
52.967 -1.183722
52.977 -1.184301
52.987 -1.186409
52.997 -1.191052
53.007 -1.196512
53.017 -1.193759
53.027 -1.191804
53.037 -1.190541
53.047 -1.190463
53.057 -1.190609
53.067 -1.189617
53.078 -1.189506
53.088 -1.187541
53.098 -1.188965
53.108 -1.189113
53.118 -1.189046
53.128 -1.189044
53.138 -1.183547
53.148 -1.183269
53.158 -1.183604
53.168 -1.183410
53.178 -1.188248
53.188 -1.189216
53.198 -1.188270
53.208 -1.194204
53.218 -1.194005
53.228 -1.191824
53.238 -1.188332
53.248 -1.188500
53.258 -1.187980
53.268 -1.192106
53.278 -1.199871
53.288 -1.204527
53.298 -1.205270
53.308 -1.204378
53.318 -1.202094
53.328 -1.199651
53.338 -1.195630
53.348 -1.195623
53.358 -1.194434
53.368 -1.195626
53.378 -1.196552
53.388 -1.197127
53.398 -1.195644
53.408 -1.191671
53.419 -1.191293
53.429 -1.196407
53.439 -1.198735
15.139 -1.734109
15.149 -1.734608
15.159 -1.733820
15.169 -1.734301
15.179 -1.734479
15.190 -1.733811
15.200 -1.730534
15.210 -1.729668
15.220 -1.728943
15.230 -1.728820
15.240 -1.730013
15.250 -1.729500
15.260 -1.731345
15.270 -1.730994
15.280 -1.732387
15.290 -1.729815
15.300 -1.730295
15.310 -1.730481
15.320 -1.731579
15.330 -1.728365
15.340 -1.730711
15.350 -1.733937
15.360 -1.735586
15.370 -1.734976
15.380 -1.735188
15.390 -1.735024
15.400 -1.734517
15.410 -1.733712
15.420 -1.732478
15.430 -1.731847
15.440 -1.733214
15.450 -1.732989
15.460 -1.734516
15.470 -1.737917
15.480 -1.740947
15.490 -1.741029
15.500 -1.739483
15.510 -1.736144
15.520 -1.737761
15.531 -1.735758
15.541 -1.734929
15.551 -1.735586
15.561 -1.732359
15.571 -1.733901
15.581 -1.736355
15.591 -1.740742
15.601 -1.741080
15.611 -1.736834
15.621 -1.736214
15.631 -1.737044
15.641 -1.735568
15.651 -1.737861
15.661 -1.737770
15.671 -1.735484
15.681 -1.731381
15.691 -1.733333
15.702 -1.736474
15.712 -1.739316
15.722 -1.742584
15.732 -1.744558
15.742 -1.747967
15.752 -1.747722
15.762 -1.746559
15.772 -1.742418
15.782 -1.741078
15.792 -1.744192
15.802 -1.744781
15.812 -1.748096
15.822 -1.747416
15.832 -1.747216
15.842 -1.746639
15.852 -1.748581
15.862 -1.749410
15.872 -1.751287
15.882 -1.752298
15.892 -1.751961
15.902 -1.753658
15.912 -1.752673
15.922 -1.752287
15.932 -1.753910
15.942 -1.751914
15.952 -1.751644
15.962 -1.753978
15.972 -1.756026
15.982 -1.757408
15.992 -1.757671
16.002 -1.756042
16.012 -1.752690
16.022 -1.748704
16.032 -1.749133
16.043 -1.749086
16.053 -1.752006
16.063 -1.754813
16.073 -1.754907
16.083 -1.753516
16.093 -1.754774
16.103 -1.754615
16.113 -1.755965
16.123 -1.756854
16.133 -1.754434
16.143 -1.753789
16.153 -1.755097
16.163 -1.758269
16.173 -1.759096
16.183 -1.760462
16.193 -1.763647
16.203 -1.763067
16.214 -1.761253
16.224 -1.760977
16.234 -1.761459
16.244 -1.767548
16.254 -1.758098
16.264 -1.763773
16.274 -1.758884
16.284 -1.757171
16.294 -1.756822
16.304 -1.757988
16.314 -1.758831
16.324 -1.757933
16.334 -1.760628
16.344 -1.764008
16.354 -1.764974
16.364 -1.765884
16.374 -1.762248
16.384 -1.758281
16.394 -1.756891
16.404 -1.754568
16.414 -1.755749
16.424 -1.755816
16.434 -1.761698
16.444 -1.762043
16.454 -1.761309
16.464 -1.761293
16.474 -1.761258
16.484 -1.760411
16.494 -1.759592
16.504 -1.761092
16.514 -1.758089
16.524 -1.757966
16.534 -1.758219
16.544 -1.761895
16.555 -1.762709
16.565 -1.759959
16.575 -1.758298
16.585 -1.761968
16.595 -1.767308
16.605 -1.769234
16.615 -1.771041
16.625 -1.771401
16.635 -1.767478
16.645 -1.761657
16.655 -1.763073
16.665 -1.763507
16.675 -1.766236
16.685 -1.765569
16.695 -1.771453
16.705 -1.771569
16.715 -1.772424
16.726 -1.772097
16.736 -1.768713
16.746 -1.771543
16.756 -1.772592
16.766 -1.776424
16.776 -1.777775
16.786 -1.779652
16.796 -1.780895
16.806 -1.780410
16.816 -1.780721
16.826 -1.777221
16.836 -1.776467
16.846 -1.774327
16.856 -1.774731
16.866 -1.775541
16.876 -1.775932
16.886 -1.776038
16.896 -1.778215
16.906 -1.783312
16.916 -1.784770
16.926 -1.785708
16.936 -1.782255
16.946 -1.777491
16.956 -1.770334
16.966 -1.769948
16.976 -1.774989
16.986 -1.778837
16.996 -1.777867
17.006 -1.777210
17.016 -1.776465
17.026 -1.774777
17.036 -1.773305
17.046 -1.771990
17.056 -1.772873
17.067 -1.771906
17.077 -1.774293
17.087 -1.779097
17.097 -1.779692
17.107 -1.780643
17.117 -1.780093
17.127 -1.775673
17.137 -1.773191
17.147 -1.772143
17.157 -1.774478
17.167 -1.775497
17.177 -1.775766
17.187 -1.774442
17.197 -1.775121
17.207 -1.775425
17.217 -1.780188
17.227 -1.782522
17.238 -1.779664
17.248 -1.777572
17.258 -1.774928
17.268 -1.775300
17.278 -1.778132
17.288 -1.779191
17.298 -1.778065
17.308 -1.778729
17.318 -1.779443
17.328 -1.780727
17.338 -1.781195
17.348 -1.782366
17.358 -1.783996
17.368 -1.784096
17.378 -1.787325
17.388 -1.786693
17.398 -1.787958
17.408 -1.784627
17.418 -1.783866
17.428 -1.785870
17.438 -1.785358
17.448 -1.789354
17.458 -1.788810
17.468 -1.788631
17.478 -1.783809
17.488 -1.785869
17.498 -1.792286
17.508 -1.794036
17.518 -1.799827
17.528 -1.793833
17.538 -1.798530
17.548 -1.797334
17.558 -1.832591
17.568 -1.854737
17.579 -1.925412
17.589 -1.871963
17.599 -1.900404
17.609 -1.910840
17.619 -1.889659
17.629 -1.903618
17.639 -1.933820
17.649 -1.987312
17.659 -2.046114
17.669 -2.036148
17.679 -2.112266
17.689 -2.101645
17.699 -2.157814
17.709 -2.197242
17.719 -2.302094
17.729 -2.307420
17.739 -2.299144
17.750 -2.300907
17.760 -2.426513
17.770 -2.503767
17.780 -2.569024
17.790 -2.799206
17.800 -2.824827
17.810 -2.733795
17.820 -2.697186
17.830 -2.698939
17.840 -2.739282
17.850 -2.797076
17.860 -2.858126
17.870 -2.922050
17.880 -2.950917
17.890 -2.979241
17.900 -3.009157
17.910 -3.022369
17.920 -3.046660
17.930 -3.112050
17.940 -3.155092
17.950 -3.200010
17.960 -3.213431
17.970 -3.262115
17.980 -3.162777
17.990 -3.389034
18.000 -3.354454
18.010 -3.412763
18.020 -3.428883
18.030 -3.429526
18.040 -3.435220
18.050 -3.416116
18.060 -3.468530
18.070 -3.488847
18.080 -3.546025
18.091 -3.563173
18.101 -3.575010
18.111 -3.542260
18.121 -3.588175
18.131 -3.576960
18.141 -3.576599
18.151 -3.581932
18.161 -3.613330
18.171 -3.618953
18.181 -3.626500
18.191 -3.633717
18.201 -3.638125
18.211 -3.634920
18.221 -3.625850
18.231 -3.623311
18.241 -3.612029
18.251 -3.613465
18.262 -3.613717
18.272 -3.623347
18.282 -3.636952
18.292 -3.636976
18.302 -3.620877
18.312 -3.607652
18.322 -3.600093
18.332 -3.592150
18.342 -3.585665
18.352 -3.560615
18.362 -3.562802
18.372 -3.532188
18.382 -3.502626
18.392 -3.437996
18.402 -3.421635
18.412 -3.408838
18.422 -3.393974
18.432 -3.389223
18.442 -3.370187
18.452 -3.372097
18.462 -3.346925
18.472 -3.323799
18.482 -3.317480
18.492 -3.303599
18.502 -3.292938
18.512 -3.271715
18.522 -3.267870
18.532 -3.259597
18.542 -3.254125
18.552 -3.257696
18.562 -3.259438
18.572 -3.258218
18.582 -3.249909
18.592 -3.243961
18.603 -3.231711
18.613 -3.214267
18.623 -3.203893
18.633 -3.187693
18.643 -3.174928
18.653 -3.169332
18.663 -3.151288
18.673 -3.150603
18.683 -3.142714
18.693 -3.148638
18.703 -3.138083
18.713 -3.139367
18.723 -3.126972
18.733 -3.116031
18.743 -3.118182
18.753 -3.121361
18.763 -3.114481
18.774 -3.121642
18.784 -3.152578
18.794 -3.156671
18.804 -3.142008
18.814 -3.137517
18.824 -3.142385
18.834 -3.150872
18.844 -3.161648
18.854 -3.176530
18.864 -3.189227
18.874 -3.198110
18.884 -3.212822
18.894 -3.227073
18.904 -3.232524
18.914 -3.246507
18.924 -3.263101
18.934 -3.265433
18.944 -3.263963
18.954 -3.270256
18.964 -3.278343
18.974 -3.286397
18.984 -3.303085
18.994 -3.318659
19.004 -3.332013
19.014 -3.351797
19.024 -3.358090
19.034 -3.367629
19.044 -3.371851
19.054 -3.381329
19.064 -3.390136
19.074 -3.398347
19.084 -3.404165
19.094 -3.406348
19.104 -3.415142
19.115 -3.419992
19.125 -3.424232
19.135 -3.434977
19.145 -3.439507
19.155 -3.437749
19.165 -3.452160
19.175 -3.453937
19.185 -3.450043
19.195 -3.443795
19.205 -3.443683
19.215 -3.445418
19.225 -3.434572
19.235 -3.428330
19.245 -3.424771
19.255 -3.429533
19.265 -3.424051
19.275 -3.423162
19.286 -3.422378
19.296 -3.422063
19.306 -3.421785
19.316 -3.421134
19.326 -3.418683
19.336 -3.416217
19.346 -3.419517
19.356 -3.402026
19.366 -3.398552
19.376 -3.404108
19.386 -3.393071
19.396 -3.400841
19.406 -3.394948
19.416 -3.390058
19.426 -3.394487
19.436 -3.381642
19.446 -3.366315
19.456 -3.376309
19.466 -3.370064
19.476 -3.363203
19.486 -3.356632
19.496 -3.354458
19.506 -3.352030
19.516 -3.351014
19.526 -3.345842
19.536 -3.341606
19.546 -3.333551
19.556 -3.329107
19.566 -3.326373
19.576 -3.326447
19.586 -3.327981
19.596 -3.324716
19.606 -3.317611
19.616 -3.316051
19.627 -3.314504
19.637 -3.318996
19.647 -3.324279
19.657 -3.326040
19.667 -3.321414
19.677 -3.319249
19.687 -3.289411
19.697 -3.317949
19.707 -3.316587
19.717 -3.321905
19.727 -3.323311
19.737 -3.319643
19.747 -3.315766
19.757 -3.306921
19.767 -3.308259
19.777 -3.315759
19.787 -3.316314
19.798 -3.318294
19.808 -3.317106
19.818 -3.315098
19.828 -3.313108
19.838 -3.312982
19.848 -3.313598
19.858 -3.313880
19.868 -3.318434
19.878 -3.323257
19.888 -3.328945
19.898 -3.329613
19.908 -3.331584
19.918 -3.332829
19.928 -3.334185
19.938 -3.335694
19.948 -3.342287
19.958 -3.346646
19.968 -3.358830
19.978 -3.360121
19.988 -3.359795
19.998 -3.360412
20.008 -3.356250
20.018 -3.356977
20.028 -3.364777
20.038 -3.361844
20.048 -3.371895
20.058 -3.382658
20.068 -3.383732
20.078 -3.380020
20.088 -3.382632
20.098 -3.377904
20.108 -3.376779
20.118 -3.375327
20.128 -3.379400
20.139 -3.382483
20.149 -3.386782
20.159 -3.383258
20.169 -3.383540
20.179 -3.380993
20.189 -3.381437
20.199 -3.386820
20.209 -3.391064
20.219 -3.400090
20.229 -3.403829
20.239 -3.412371
20.249 -3.412185
20.259 -3.411767
20.269 -3.407270
20.279 -3.399088
20.289 -3.398091
20.299 -3.403404
20.310 -3.399603
20.320 -3.395329
20.330 -3.397687
20.340 -3.391838
20.350 -3.389080
20.360 -3.386093
20.370 -3.384347
20.380 -3.377266
20.390 -3.379715
20.400 -3.381200
20.410 -3.379565
20.420 -3.378216
20.430 -3.372828
20.440 -3.373082
20.450 -3.372803
20.460 -3.378788
20.470 -3.387428
20.480 -3.401245
20.490 -3.396313
20.500 -3.385695
20.510 -3.386754
20.520 -3.383585
20.530 -3.373607
20.540 -3.372113
20.550 -3.375299
20.560 -3.370279
20.570 -3.371131
20.580 -3.377909
20.590 -3.388949
20.600 -3.389785
20.610 -3.390459
20.620 -3.390734
20.630 -3.388586
20.640 -3.385017
20.651 -3.383433
20.661 -3.383962
20.671 -3.383255
20.681 -3.387543
20.691 -3.383138
20.701 -3.389252
20.711 -3.392071
20.721 -3.391765
20.731 -3.391901
20.741 -3.392431
20.751 -3.386433
20.761 -3.391020
20.771 -3.387977
20.781 -3.396064
20.791 -3.411853
20.801 -3.407127
20.811 -3.412145
20.822 -3.406777
20.832 -3.396567
20.842 -3.393357
20.852 -3.391016
20.862 -3.392715
20.872 -3.398886
20.882 -3.403128
20.892 -3.408768
20.902 -3.410693
20.912 -3.410975
20.922 -3.412524
20.932 -3.417603
20.942 -3.392895
20.952 -3.381603
20.962 -3.395036
20.972 -3.393949
20.982 -3.401350
20.992 -3.409128
21.002 -3.414371
21.012 -3.422921
21.022 -3.421474
21.032 -3.425082
21.042 -3.422992
21.052 -3.419329
21.062 -3.422551
21.072 -3.427084
21.082 -3.431710
21.092 -3.434551
21.102 -3.439932
21.112 -3.440919
21.122 -3.439192
21.132 -3.437667
21.142 -3.442260
21.152 -3.441811
21.163 -3.442924
21.173 -3.442636
21.183 -3.437648
21.193 -3.435987
21.203 -3.432308
21.213 -3.429497
21.223 -3.433388
21.233 -3.432655
21.243 -3.429032
21.253 -3.423416
21.263 -3.429718
21.273 -3.422323
21.283 -3.422000
21.293 -3.423173
21.303 -3.426559
21.313 -3.423923
21.323 -3.420658
21.334 -3.415806
21.344 -3.408046
21.354 -3.406311
21.364 -3.411789
21.374 -3.412333
21.384 -3.409078
21.394 -3.410293
21.404 -3.411378
21.414 -3.415358
21.424 -3.414236
21.434 -3.413169
21.444 -3.410682
21.454 -3.408521
21.464 -3.411739
21.474 -3.417328
21.484 -3.428030
21.494 -3.438509
21.504 -3.440274
21.514 -3.437016
21.524 -3.433115
21.534 -3.425752
21.544 -3.421801
21.554 -3.424252
21.564 -3.429711
21.574 -3.437353
21.584 -3.443005
21.594 -3.447089
21.604 -3.444031
21.614 -3.447886
21.624 -3.442775
21.634 -3.442620
21.644 -3.440813
21.654 -3.439397
21.664 -3.437033
21.675 -3.439597
21.685 -3.442324
21.695 -3.436301
21.705 -3.440389
21.715 -3.439345
21.725 -3.439888
21.735 -3.440412
21.745 -3.440387
21.755 -3.444062
21.765 -3.444520
21.775 -3.448626
21.785 -3.451179
21.795 -3.454537
21.805 -3.454821
21.815 -3.449600
21.825 -3.452421
21.835 -3.451503
21.846 -3.446266
21.856 -3.448948
21.866 -3.448575
21.876 -3.445835
21.886 -3.443684
21.896 -3.445661
21.906 -3.446980
21.916 -3.447701
21.926 -3.446213
21.936 -3.446346
21.946 -3.449393
21.956 -3.450296
21.966 -3.449945
21.976 -3.446359
21.986 -3.443838
21.996 -3.443274
22.006 -3.445336
22.016 -3.447690
22.026 -3.451515
22.036 -3.454464
22.046 -3.457514
22.056 -3.446251
22.066 -3.459897
22.076 -3.461628
22.086 -3.460306
22.096 -3.458116
22.106 -3.459900
22.116 -3.465099
22.126 -3.466523
22.136 -3.464768
22.146 -3.462022
22.156 -3.457023
22.166 -3.454212
22.176 -3.452578
22.187 -3.452869
22.197 -3.454041
22.207 -3.454458
22.217 -3.457047
22.227 -3.457544
22.237 -3.460625
22.247 -3.460594
22.257 -3.460719
22.267 -3.460279
22.277 -3.460869
22.287 -3.460835
22.297 -3.462890
22.307 -3.462809
22.317 -3.463602
22.327 -3.465966
22.337 -3.469403
22.347 -3.468601
22.358 -3.467633
22.368 -3.474336
22.378 -3.474660
22.388 -3.474172
22.398 -3.476169
22.408 -3.478291
22.418 -3.481150
22.428 -3.480244
22.438 -3.480073
22.448 -3.480469
22.458 -3.479568
22.468 -3.480739
22.478 -3.475191
22.488 -3.474691
22.498 -3.474931
22.508 -3.474328
22.518 -3.476548
22.528 -3.475943
22.538 -3.476119
22.548 -3.479811
22.558 -3.478307
22.568 -3.477321
22.578 -3.473550
22.588 -3.479900
22.598 -3.475007
22.608 -3.476557
22.618 -3.474551
22.628 -3.480830
22.638 -3.478933
22.648 -3.480235
22.658 -3.484902
22.668 -3.481305
22.678 -3.479082
22.688 -3.480789
22.699 -3.480911
22.709 -3.479947
22.719 -3.480191
22.729 -3.482241
22.739 -3.481324
22.749 -3.482104
22.759 -3.482346
22.769 -3.487340
22.779 -3.487075
22.789 -3.487293
22.799 -3.486229
22.809 -3.485589
22.819 -3.484705
22.829 -3.485293
22.839 -3.484866
22.849 -3.484476
22.859 -3.486267
22.870 -3.487815
22.880 -3.488698
22.890 -3.489208
22.900 -3.492528
22.910 -3.492176
22.920 -3.491792
22.930 -3.492296
22.940 -3.493538
22.950 -3.501706
22.960 -3.500024
22.970 -3.496566
22.980 -3.494590
22.990 -3.496044
23.000 -3.499026
23.010 -3.503174
23.020 -3.505676
23.030 -3.505112
23.040 -3.500060
23.050 -3.495991
23.060 -3.498354
23.070 -3.500599
23.080 -3.505357
23.090 -3.504937
23.100 -3.505432
23.110 -3.508852
23.120 -3.515868
23.130 -3.518246
23.140 -3.516503
23.150 -3.513970
23.160 -3.509691
23.170 -3.505101
23.180 -3.504013
23.190 -3.501746
23.200 -3.506867
23.211 -3.512455
23.221 -3.511452
23.231 -3.511664
23.241 -3.509766
23.251 -3.509685
23.261 -3.508775
23.271 -3.511747
23.281 -3.514610
23.291 -3.513118
23.301 -3.505597
23.311 -3.507153
23.321 -3.502138
23.331 -3.505244
23.341 -3.503327
23.351 -3.510196
23.361 -3.508837
23.371 -3.505962
23.382 -3.507521
23.392 -3.506998
23.402 -3.508227
23.412 -3.508356
23.422 -3.512413
23.432 -3.514584
23.442 -3.517621
23.452 -3.517864
23.462 -3.515916
23.472 -3.515732
23.482 -3.521657
23.492 -3.524382
23.502 -3.524703
23.512 -3.521450
23.522 -3.522837
23.532 -3.520151
23.542 -3.520951
23.552 -3.518960
23.562 -3.521368
23.572 -3.525781
23.582 -3.529588
23.592 -3.529584
23.602 -3.528719
23.612 -3.526198
23.622 -3.525019
23.632 -3.522124
23.642 -3.520749
23.652 -3.520544
23.662 -3.522257
23.672 -3.520185
23.682 -3.521851
23.692 -3.524665
23.702 -3.525133
23.712 -3.526953
23.723 -3.525595
23.733 -3.531936
23.743 -3.532832
23.753 -3.533135
23.763 -3.531939
23.773 -3.529594
23.783 -3.532311
23.793 -3.535182
23.803 -3.538617
23.813 -3.541964
23.823 -3.540321
23.833 -3.539075
23.843 -3.537639
23.853 -3.538342
23.863 -3.538175
23.873 -3.540507
23.883 -3.539918
23.894 -3.548183
23.904 -3.543426
23.914 -3.543335
23.924 -3.538855
23.934 -3.540133
23.944 -3.542030
23.954 -3.539243
23.964 -3.539469
23.974 -3.537160
23.984 -3.534247
23.994 -3.531096
24.004 -3.528901
24.014 -3.529511
24.024 -3.532401
24.034 -3.534697
24.044 -3.539633
24.054 -3.539498
24.064 -3.541083
24.074 -3.540369
24.084 -3.539961
24.094 -3.540651
24.104 -3.539523
24.114 -3.539133
24.124 -3.540815
24.134 -3.542961
24.144 -3.542250
24.154 -3.542319
24.164 -3.548209
24.174 -3.542487
24.184 -3.551253
24.194 -3.552468
24.204 -3.559921
24.214 -3.555071
24.224 -3.553922
24.235 -3.548501
24.245 -3.549788
24.255 -3.547279
24.265 -3.552418
24.275 -3.556066
24.285 -3.559082
24.295 -3.559090
24.305 -3.558212
24.315 -3.550910
24.325 -3.553513
24.335 -3.558171
24.345 -3.550670
24.355 -3.559691
24.365 -3.544226
24.375 -3.553053
24.385 -3.556200
24.395 -3.563834
24.406 -3.560496
24.416 -3.568408
24.426 -3.566353
24.436 -3.564524
24.446 -3.565278
24.456 -3.562076
24.466 -3.562981
24.476 -3.560564
24.486 -3.562178
24.496 -3.560314
24.506 -3.562283
24.516 -3.560471
24.526 -3.570306
24.536 -3.571449
24.546 -3.577234
24.556 -3.578218
24.566 -3.577660
24.576 -3.578203
24.586 -3.571899
24.596 -3.563533
24.606 -3.564662
24.616 -3.567439
24.626 -3.570346
24.636 -3.577943
24.646 -3.583317
24.656 -3.586469
24.666 -3.586838
24.676 -3.584766
24.686 -3.581150
24.696 -3.571788
24.706 -3.572671
24.716 -3.577178
24.726 -3.582187
24.736 -3.589151
24.747 -3.585318
24.757 -3.582056
24.767 -3.577666
24.777 -3.576090
24.787 -3.571369
24.797 -3.568564
24.807 -3.574184
24.817 -3.580825
24.827 -3.579851
24.837 -3.575265
24.847 -3.573244
24.857 -3.573384
24.867 -3.572082
24.877 -3.571009
24.887 -3.570650
24.897 -3.572421
24.907 -3.577299
24.918 -3.579640
24.928 -3.581200
24.938 -3.581488
24.948 -3.583134
24.958 -3.577586
24.968 -3.571322
24.978 -3.573460
24.988 -3.577134
24.998 -3.581522
25.008 -3.588709
25.018 -3.598447
25.028 -3.603940
25.038 -3.598504
25.048 -3.588603
25.058 -3.583691
25.068 -3.579626
25.078 -3.580207
25.088 -3.582720
25.098 -3.590606
25.108 -3.599398
25.118 -3.601340
25.128 -3.601743
25.138 -3.597725
25.148 -3.603150
25.158 -3.605651
25.168 -3.611882
25.178 -3.610033
25.188 -3.607916
25.198 -3.610418
25.208 -3.610687
25.218 -3.609985
25.228 -3.611993
25.238 -3.616046
25.248 -3.617461
25.259 -3.620760
25.269 -3.618972
25.279 -3.614516
25.289 -3.612843
25.299 -3.611489
25.309 -3.618158
25.319 -3.625107
25.329 -3.628229
25.339 -3.630682
25.349 -3.634755
25.359 -3.634031
25.369 -3.628096
25.379 -3.623539
25.389 -3.624310
25.399 -3.623455
25.409 -3.626532
25.419 -3.625383
25.430 -3.625673
25.440 -3.623099
25.450 -3.622824
25.460 -3.628366
25.470 -3.632397
25.480 -3.633315
25.490 -3.628514
25.500 -3.620927
25.510 -3.615491
25.520 -3.615849
25.530 -3.619694
25.540 -3.619540
25.550 -3.620540
25.560 -3.617463
25.570 -3.617524
25.580 -3.621776
25.590 -3.618818
25.600 -3.614599
25.610 -3.610972
25.620 -3.612648
25.630 -3.611886
25.640 -3.617996
25.650 -3.618631
25.660 -3.619006
25.670 -3.622044
25.680 -3.623530
25.690 -3.626983
25.700 -3.631203
25.710 -3.639707
25.720 -3.642289
25.730 -3.642076
25.740 -3.638865
25.750 -3.640442
25.760 -3.642235
25.771 -3.645768
25.781 -3.648360
25.791 -3.644551
25.801 -3.646081
25.811 -3.646340
25.821 -3.642428
25.831 -3.641577
25.841 -3.644193
25.851 -3.646677
25.861 -3.646121
25.871 -3.644515
25.881 -3.642915
25.891 -3.638378
25.901 -3.639850
25.911 -3.640866
25.921 -3.644715
25.931 -3.644148
25.942 -3.642260
25.952 -3.642647
25.962 -3.641833
25.972 -3.639954
25.982 -3.640564
25.992 -3.640295
26.002 -3.641734
26.012 -3.638319
26.022 -3.638869
26.032 -3.641033
26.042 -3.641191
26.052 -3.638484
26.062 -3.640239
26.072 -3.637772
26.082 -3.638856
26.092 -3.641683
26.102 -3.639944
26.112 -3.640451
26.122 -3.639340
26.132 -3.635880
26.142 -3.636581
26.152 -3.636154
26.162 -3.636716
26.172 -3.639971
26.182 -3.644185
26.192 -3.641117
26.202 -3.641457
26.212 -3.639957
26.222 -3.641474
26.232 -3.644647
26.242 -3.645653
26.252 -3.647817
26.262 -3.649407
26.272 -3.646144
26.283 -3.646098
26.293 -3.646495
26.303 -3.647294
26.313 -3.653537
26.323 -3.653358
26.333 -3.650256
26.343 -3.649610
26.353 -3.649325
26.363 -3.650968
26.373 -3.651911
26.383 -3.651909
26.393 -3.654623
26.403 -3.651754
26.413 -3.652006
26.423 -3.650269
26.433 -3.647826
26.443 -3.646690
26.454 -3.646064
26.464 -3.646103
26.474 -3.650209
26.484 -3.651710
26.494 -3.651371
26.504 -3.651491
26.514 -3.649348
26.524 -3.651644
26.534 -3.649399
26.544 -3.650569
26.554 -3.652359
26.564 -3.655715
26.574 -3.658455
26.584 -3.655794
26.594 -3.654663
26.604 -3.652064
26.614 -3.652698
26.624 -3.653576
26.634 -3.656257
26.644 -3.661355
26.654 -3.653906
26.664 -3.656229
26.674 -3.650330
26.684 -3.644912
26.694 -3.642829
26.704 -3.647764
26.714 -3.650420
26.724 -3.652969
26.734 -3.653175
26.744 -3.661081
26.754 -3.662306
26.764 -3.671507
26.774 -3.677185
26.784 -3.676497
26.795 -3.674562
26.805 -3.675894
26.815 -3.676624
26.825 -3.668631
26.835 -3.663547
26.845 -3.662367
26.855 -3.662707
26.865 -3.661466
26.875 -3.662649
26.885 -3.658435
26.895 -3.662592
26.905 -3.662723
26.915 -3.654113
26.925 -3.650208
26.935 -3.652332
26.945 -3.654805
26.955 -3.657801
26.966 -3.656398
26.976 -3.658536
26.986 -3.659231
26.996 -3.656509
27.006 -3.656869
27.016 -3.658465
27.026 -3.656634
27.036 -3.656818
27.046 -3.656108
27.056 -3.664244
27.066 -3.664814
27.076 -3.672699
27.086 -3.673187
27.096 -3.671227
27.106 -3.671023
27.116 -3.671480
27.126 -3.677833
27.136 -3.680462
27.146 -3.677887
27.156 -3.676172
27.166 -3.672920
27.176 -3.682629
27.186 -3.690623
27.196 -3.695334
27.206 -3.685596
27.216 -3.680227
27.226 -3.675319
27.236 -3.672820
27.246 -3.676168
27.256 -3.678447
27.266 -3.687625
27.276 -3.693050
27.286 -3.699184
27.296 -3.698185
27.307 -3.694639
27.317 -3.694017
27.327 -3.694830
27.337 -3.694357
27.347 -3.697631
27.357 -3.695168
27.367 -3.697607
27.377 -3.694458
27.387 -3.690565
27.397 -3.694341
27.407 -3.693581
27.417 -3.693242
27.427 -3.693916
27.437 -3.695834
27.447 -3.697540
27.457 -3.695457
27.467 -3.690348
27.478 -3.694633
27.488 -3.688688
27.498 -3.690036
27.508 -3.693107
27.518 -3.695649
27.528 -3.696756
27.538 -3.701050
27.548 -3.702733
27.558 -3.697340
27.568 -3.699553
27.578 -3.700671
27.588 -3.703423
27.598 -3.702130
27.608 -3.700151
27.618 -3.695345
27.628 -3.695284
27.638 -3.694876
27.648 -3.695156
27.658 -3.696295
27.668 -3.707667
27.678 -3.710141
27.688 -3.713310
27.698 -3.711614
27.708 -3.713849
27.718 -3.716090
27.728 -3.719760
27.738 -3.720145
27.748 -3.720880
27.758 -3.721519
27.768 -3.722213
27.778 -3.724907
27.788 -8.748906
27.798 -8.751076
27.808 -8.751692
27.819 -8.752492
27.829 -8.753206
27.839 -8.756688
27.849 -8.758847
27.859 -8.754288
27.869 -8.750993
27.879 -8.748543
27.889 -8.737782
27.899 -8.732937
27.909 -8.729529
27.919 -8.730596
27.929 -8.727980
27.939 -8.726750
27.949 -8.731728
27.959 -8.735877
27.969 -8.739873
27.979 -8.744605
27.990 -8.751866
28.000 -8.757674
28.010 -8.758363
28.020 -8.766104
28.030 -8.770672
28.040 -8.770845
28.050 -8.767756
28.060 -8.764877
28.070 -8.763812
28.080 -8.763234
28.090 -8.769400
28.100 -8.768981
28.110 -8.766884
28.120 -8.766229
28.130 -8.766208
28.140 -8.767415
28.150 -8.774043
28.160 -8.772516
28.170 -8.770236
28.180 -8.771801
28.190 -8.770501
28.200 -8.767498
28.210 -8.765856
28.220 -8.765066
28.230 -8.762792
28.240 -8.762056
28.250 -8.766114
28.260 -8.765016
28.270 -8.763302
28.280 -8.764839
28.290 -8.767553
28.300 -8.763318
28.310 -8.757301
28.320 -8.752984
28.331 -8.753220
28.341 -8.753729
28.351 -8.758189
28.361 -8.763424
28.371 -8.771964
28.381 -8.774784
28.391 -8.778059
28.401 -8.771718
28.411 -8.766869
28.421 -8.765578
28.431 -8.764624
28.441 -8.764224
28.451 -8.767210
28.461 -8.774107
28.471 -8.776764
28.481 -8.777392
28.491 -8.777841
28.502 -8.782510
28.512 -8.782032
28.522 -8.780225
28.532 -8.779317
28.542 -8.779547
28.552 -8.775970
28.562 -8.773165
28.572 -8.772074
28.582 -8.776955
28.592 -8.781338
28.602 -8.781323
28.612 -8.785711
28.622 -8.786227
28.632 -8.785409
28.642 -8.783349
28.652 -8.783880
28.662 -8.784534
28.672 -8.786877
28.682 -8.792614
28.692 -8.794413
28.702 -8.794802
28.712 -8.799330
28.722 -8.807577
28.732 -8.805644
28.742 -8.800254
28.752 -8.794902
28.762 -8.788540
28.772 -8.787858
28.782 -8.790480
28.792 -8.799140
28.802 -8.802700
28.812 -8.800621
28.822 -8.797926
28.832 -8.795517
28.843 -8.789211
28.853 -8.790156
28.863 -8.791798
28.873 -8.793920
28.883 -8.797063
28.893 -8.794914
28.903 -8.789308
28.913 -8.789214
28.923 -8.792687
28.933 -8.788638
28.943 -8.789589
28.953 -8.789442
28.963 -8.791791
28.973 -8.792971
28.983 -8.797478
28.993 -8.796822
29.003 -8.795611
29.014 -8.793392
29.024 -8.794825
29.034 -8.792391
29.044 -8.789357
29.054 -8.786593
29.064 -8.782345
29.074 -8.782288
29.084 -8.787222
29.094 -8.793023
29.104 -8.795658
29.114 -8.790862
29.124 -8.789204
29.134 -8.787973
29.144 -8.789210
29.154 -8.794594
29.164 -8.797574
29.174 -8.798728
29.184 -8.799953
29.194 -8.804018
29.204 -8.807797
29.214 -8.809391
29.224 -8.806040
29.234 -8.804717
29.244 -8.806564
29.254 -8.808251
29.264 -8.812271
29.274 -8.813084
29.284 -8.820260
29.294 -8.817558
29.304 -8.812800
29.314 -8.813541
29.324 -8.816546
29.334 -8.816629
29.344 -8.815221
29.355 -8.817087
29.365 -8.811643
29.375 -8.814594
29.385 -8.818222
29.395 -8.817746
29.405 -8.811931
29.415 -8.810845
29.425 -8.808135
29.435 -8.808462
29.445 -8.812457
29.455 -8.818879
29.465 -8.819483
29.475 -8.815867
29.485 -8.814415
29.495 -8.813964
29.505 -8.813062
29.515 -8.814542
29.526 -8.827404
29.536 -8.826861
29.546 -8.823987
29.556 -8.820552
29.566 -8.819678
29.576 -8.818492
29.586 -8.817564
29.596 -8.819718
29.606 -8.820913
29.616 -8.822414
29.626 -8.823620
29.636 -8.822741
29.646 -8.819146
29.656 -8.817955
29.666 -8.814282
29.676 -8.811253
29.686 -8.812796
29.696 -8.814476
29.706 -8.817034
29.716 -8.821147
29.726 -8.823929
29.736 -8.823199
29.746 -8.824853
29.756 -8.826100
29.766 -8.829103
29.776 -8.831283
29.786 -8.830069
29.796 -8.827780
29.806 -8.828739
29.816 -8.828992
29.826 -8.828902
29.836 -8.829712
29.846 -8.829807
29.856 -8.831495
29.867 -8.831536
29.877 -8.832113
29.887 -8.828953
29.897 -8.825547
29.907 -8.824973
29.917 -8.827219
29.927 -8.831301
29.937 -8.832610
29.947 -8.833120
29.957 -8.836550
29.967 -8.834953
29.977 -8.832954
29.987 -8.835116
29.997 -8.833248
30.007 -8.831661
30.017 -8.830964
30.027 -8.831622
30.038 -8.829968
30.048 -8.830514
30.058 -8.831466
30.068 -8.835213
30.078 -8.834470
30.088 -8.833245
30.098 -8.832060
30.108 -8.835780
30.118 -8.834386
30.128 -8.832975
30.138 -8.835779
30.148 -8.838353
30.158 -8.839007
30.168 -8.835165
30.178 -8.833163
30.188 -8.832502
30.198 -8.835362
30.208 -8.836129
30.218 -8.834505
30.228 -8.835049
30.238 -8.836189
30.248 -8.832966
30.258 -8.833781
30.268 -8.836513
30.278 -8.838098
30.288 -8.840100
30.298 -8.839357
30.308 -8.846246
30.318 -8.847401
30.328 -8.844160
30.338 -8.844914
30.348 -8.848319
30.358 -8.851805
30.368 -8.852514
30.379 -8.854409
30.389 -8.858932
30.399 -8.861095
30.409 -8.863718
30.419 -8.860959
30.429 -8.860224
30.439 -8.854744
30.449 -8.853060
30.459 -8.853915
30.469 -8.856910
30.479 -8.859154
30.489 -8.858504
30.499 -8.859546
30.509 -8.859315
30.519 -8.860689
30.529 -8.859494
30.539 -8.859959
30.550 -8.862948
30.560 -8.863996
30.570 -8.862386
30.580 -8.861726
30.590 -8.860923
30.600 -8.862741
30.610 -8.860742
30.620 -8.862053
30.630 -8.860093
30.640 -8.858127
30.650 -8.855418
30.660 -8.856625
30.670 -8.860035
30.680 -8.859926
30.690 -8.857759
30.700 -8.858384
30.710 -8.859079
30.720 -8.884755
30.730 -8.865703
30.740 -8.868109
30.750 -8.867976
30.760 -8.866261
30.770 -8.868278
30.780 -8.867664
30.790 -8.862697
30.800 -8.866990
30.810 -8.866937
30.820 -8.873047
30.830 -8.872617
30.840 -8.871385
30.850 -8.873783
30.860 -8.873560
30.870 -8.876612
30.880 -8.877440
30.891 -8.880434
30.901 -8.880143
30.911 -8.881482
30.921 -8.883291
30.931 -8.882085
30.941 -8.881066
30.951 -8.883276
30.961 -8.886139
30.971 -8.886148
30.981 -8.887703
30.991 -8.889450
31.001 -8.887598
31.011 -8.887006
31.021 -8.885744
31.031 -8.883378
31.041 -8.879428
31.051 -8.875847
31.062 -8.875719
31.072 -8.848448
31.082 -8.865375
31.092 -8.868730
31.102 -8.867854
31.112 -8.872696
31.122 -8.880160
31.132 -8.883595
31.142 -8.886810
31.152 -8.891335
31.162 -8.894359
31.172 -8.893392
31.182 -8.895112
31.192 -8.899194
31.202 -8.896218
31.212 -8.896804
31.222 -8.898952
31.232 -8.898030
31.242 -8.900101
31.252 -8.900835
31.262 -8.900988
31.272 -8.904020
31.282 -8.904663
31.292 -8.902629
31.302 -8.899877
31.312 -8.898376
31.322 -8.896698
31.332 -8.892548
31.342 -8.889113
31.352 -8.886407
31.362 -8.882013
31.372 -8.882812
31.382 -8.887939
31.392 -8.891496
31.403 -8.895915
31.413 -8.894391
31.423 -8.892686
31.433 -8.890480
31.443 -8.891755
31.453 -8.888559
31.463 -8.890607
31.473 -8.892005
31.483 -8.888980
31.493 -8.889835
31.503 -8.892440
31.513 -8.895005
31.523 -8.899734
31.533 -8.898631
31.543 -8.895982
31.553 -8.894106
31.563 -8.891952
31.574 -8.896696
31.584 -8.912014
31.594 -8.915478
31.604 -8.913371
31.614 -8.906857
31.624 -8.902905
31.634 -8.906073
31.644 -8.907560
31.654 -8.909386
31.664 -8.917900
31.674 -8.917174
31.684 -8.915616
31.694 -8.913107
31.704 -8.912164
31.714 -8.910592
31.724 -8.867169
31.734 -8.869960
31.744 -8.866543
31.754 -8.862067
31.764 -8.849696
31.774 -8.857839
31.784 -8.866618
31.794 -8.857171
31.804 -8.849410
31.814 -8.866625
31.824 -8.859449
31.834 -8.858217
31.844 -8.863408
31.854 -8.868909
31.864 -8.870390
31.874 -8.869160
31.884 -8.873344
31.894 -8.879633
31.904 -8.885059
31.915 -8.874911
31.925 -8.861505
31.935 -8.846605
31.945 -8.796257
31.955 -8.796769
31.965 -8.777901
31.975 -8.780456
31.985 -8.767089
31.995 -8.753083
32.005 -8.744979
32.015 -8.741979
32.025 -8.720653
32.035 -8.699028
32.045 -8.704621
32.055 -8.694930
32.065 -8.656318
32.075 -8.673451
32.086 -8.646438
32.096 -8.645542
32.106 -8.629134
32.116 -8.618759
32.126 -8.584483
32.136 -8.593062
32.146 -8.589821
32.156 -8.580319
32.166 -8.563166
32.176 -8.526051
32.186 -8.530604
32.196 -8.507631
32.206 -8.492808
32.216 -8.478114
32.226 -8.455645
32.236 -8.446198
32.246 -8.429932
32.256 -8.417335
32.266 -8.385575
32.276 -8.358399
32.286 -8.355373
32.296 -8.346768
32.306 -8.337266
32.316 -8.318964
32.326 -8.289017
32.336 -8.262592
32.346 -8.277972
32.356 -8.260830
32.366 -8.262158
32.376 -8.237084
32.386 -8.225157
32.396 -8.192526
32.406 -8.198205
32.416 -8.171627
32.427 -8.160019
32.437 -8.150766
32.447 -8.138051
32.457 -8.096329
32.467 -8.105456
32.477 -8.097615
32.487 -8.050587
32.497 -8.048759
32.507 -8.022790
32.517 -8.005726
32.527 -7.985356
32.537 -7.986375
32.547 -7.969490
32.557 -7.951689
32.567 -7.926009
32.577 -7.907023
32.587 -7.893994
32.598 -7.871972
32.608 -7.863800
32.618 -7.845457
32.628 -7.822663
32.638 -7.809867
32.648 -7.798731
32.658 -7.778337
32.668 -7.766938
32.678 -7.757722
32.688 -7.734241
32.698 -7.730968
32.708 -7.719306
32.718 -7.715366
32.728 -7.693329
32.738 -7.690920
32.748 -7.676337
32.758 -7.661647
32.768 -7.654212
32.778 -7.640120
32.788 -7.629910
32.798 -7.613999
32.808 -7.609118
32.818 -7.594552
32.828 -7.597635
32.838 -7.582726
32.848 -7.575508
32.858 -7.549404
32.868 -7.540884
32.878 -7.539202
32.888 -7.535250
32.898 -7.536310
32.908 -7.538115
32.918 -7.544161
32.928 -7.529465
32.939 -7.526081
32.949 -7.521802
32.959 -7.514814
32.969 -7.510101
32.979 -7.496959
32.989 -7.485173
32.999 -7.471623
33.009 -7.472644
33.019 -7.450437
33.029 -7.457399
33.039 -7.453598
33.049 -7.442746
33.059 -7.443408
33.069 -7.436968
33.079 -7.443758
33.089 -7.438801
33.099 -7.438415
33.110 -7.427879
33.120 -7.422219
33.130 -7.418184
33.140 -7.404518
33.150 -7.403352
33.160 -7.410375
33.170 -7.416294
33.180 -7.424865
33.190 -7.422594
33.200 -7.421770
33.210 -7.423265
33.220 -7.421555
33.230 -7.419261
33.240 -7.420905
33.250 -7.427487
33.260 -7.423862
33.270 -7.418420
33.280 -7.413310
33.290 -7.408957
33.300 -7.401548
33.310 -7.398467
33.320 -7.397253
33.330 -7.408425
33.340 -7.408471
33.350 -7.403923
33.360 -7.406819
33.370 -7.398527
33.380 -7.390430
33.390 -7.390272
33.400 -7.393850
33.410 -7.394015
33.420 -7.405362
33.430 -7.405944
33.440 -7.397682
33.451 -7.396204
33.461 -7.391902
33.471 -7.389025
33.481 -7.374367
33.491 -7.377082
33.501 -7.379648
33.511 -7.373744
33.521 -7.368318
33.531 -7.367033
33.541 -7.365296
33.551 -7.368343
33.561 -7.367555
33.571 -7.375457
33.581 -7.375286
33.591 -7.379757
33.601 -7.383853
33.611 -7.381301
33.622 -7.378101
33.632 -7.376623
33.642 -7.378550
33.652 -7.381158
33.662 -7.384294
33.672 -7.384058
33.682 -7.381623
33.692 -7.379277
33.702 -7.379881
33.712 -7.381098
33.722 -7.386787
33.732 -7.392009
33.742 -7.398156
33.752 -7.402822
33.762 -7.402877
33.772 -7.402623
33.782 -7.401229
33.792 -7.400742
33.802 -7.399595
33.812 -7.402866
33.822 -7.404522
33.832 -7.408445
33.842 -7.412686
33.852 -7.414894
33.862 -7.418159
33.872 -7.417960
33.882 -7.416349
33.892 -7.415653
33.902 -7.416572
33.912 -7.414798
33.922 -7.412664
33.932 -7.408537
33.942 -7.407143
33.952 -7.403781
33.963 -7.400305
33.973 -7.396382
33.983 -7.392971
33.993 -7.389239
34.003 -7.388188
34.013 -7.392088
34.023 -7.393327
34.033 -7.394721
34.043 -7.396757
34.053 -7.400489
34.063 -7.406628
34.073 -7.406882
34.083 -7.405237
34.093 -7.405375
34.103 -7.406564
34.113 -7.408998
34.123 -7.410113
34.134 -7.410686
34.144 -7.408807
34.154 -7.405919
34.164 -7.402981
34.174 -7.402997
34.184 -7.407333
34.194 -7.410812
34.204 -7.419287
34.214 -7.437232
34.224 -7.451779
34.234 -7.460600
34.244 -7.466361
34.254 -7.478798
34.264 -7.506198
34.274 -7.522444
34.284 -7.533855
34.294 -7.552750
34.304 -7.578656
34.314 -7.605494
34.324 -7.671271
34.334 -7.668455
34.344 -7.751712
34.354 -7.778004
34.364 -7.814216
34.374 -7.837817
34.384 -7.876271
34.394 -7.890945
34.404 -7.905604
34.414 -7.952633
34.424 -8.022692
34.434 -8.054538
34.444 -8.103794
34.454 -8.176260
34.464 -8.245648
34.475 -8.339553
34.485 -8.374325
34.495 -8.395868
34.505 -8.474332
34.515 -8.491432
34.525 -8.598893
34.535 -8.700773
34.545 -8.754431
34.555 -8.816494
34.565 -8.807621
34.575 -8.839673
34.585 -8.885936
34.595 -8.940804
34.605 -8.980524
34.615 -9.021939
34.625 -9.083520
34.635 -9.115286
34.646 -9.151961
34.656 -9.184597
34.666 -9.219464
34.676 -9.250615
34.686 -9.292531
34.696 -9.346037
34.706 -9.393887
34.716 -9.447463
34.726 -9.424899
34.736 -9.460279
34.746 -9.473911
34.756 -9.478348
34.766 -9.517832
34.776 -9.562381
34.786 -9.587026
34.796 -9.611004
34.806 -9.609842
34.816 -9.611557
34.826 -9.603018
34.836 -9.636786
34.846 -9.663388
34.856 -9.668165
34.866 -9.681094
34.876 -9.688679
34.886 -9.693037
34.896 -9.685741
34.906 -9.680789
34.916 -9.674967
34.926 -9.667003
34.936 -9.657399
34.946 -9.654902
34.956 -9.652829
34.966 -9.642819
34.976 -9.639382
34.987 -9.630829
34.997 -9.617475
35.007 -9.601857
35.017 -9.568928
35.027 -9.521914
35.037 -9.502238
35.047 -9.470058
35.057 -9.468587
35.067 -9.422620
35.077 -9.410466
35.087 -9.348149
35.097 -9.344388
35.107 -9.320553
35.117 -9.308018
35.127 -9.310409
35.137 -9.301028
35.147 -9.272299
35.158 -9.238368
35.168 -9.200943
35.178 -9.181323
35.188 -9.112711
35.198 -9.113555
35.208 -9.057510
35.218 -9.034720
35.228 -9.012347
35.238 -8.975399
35.248 -8.960146
35.258 -8.935857
35.268 -8.921615
35.278 -8.873396
35.288 -8.853491
35.298 -8.825697
35.308 -8.819179
35.318 -8.792280
35.328 -8.802124
35.338 -8.786934
35.348 -8.752329
35.358 -8.731595
35.368 -8.717188
35.378 -8.692795
35.388 -8.690635
35.398 -8.675846
35.408 -8.686459
35.418 -8.679862
35.428 -8.670164
35.438 -8.668758
35.448 -8.666969
35.458 -8.682758
35.468 -8.675806
35.478 -8.670416
35.488 -8.668725
35.499 -8.666574
35.509 -8.673136
35.519 -8.681674
35.529 -8.695853
35.539 -8.712775
35.549 -8.729386
35.559 -8.736310
35.569 -8.732888
35.579 -8.753743
35.589 -8.771276
35.599 -8.799962
35.609 -8.811103
35.619 -8.838332
35.629 -8.851706
35.639 -8.866402
35.649 -8.893120
35.659 -8.929045
35.670 -8.930890
35.680 -8.974458
35.690 -8.998165
35.700 -9.024408
35.710 -9.020495
35.720 -9.040873
35.730 -9.037023
35.740 -9.053250
35.750 -9.084110
35.760 -9.119420
35.770 -9.127638
35.780 -9.169760
35.790 -9.163382
35.800 -9.210352
35.810 -9.230757
35.820 -9.262372
35.830 -9.275867
35.840 -9.270699
35.850 -9.303970
35.860 -9.314828
35.870 -9.322834
35.880 -9.331612
35.890 -9.343242
35.900 -9.341982
35.910 -9.345463
35.920 -9.352540
35.930 -9.367231
35.940 -9.376848
35.950 -9.385938
35.960 -9.389428
35.970 -9.393527
35.980 -9.388040
35.990 -9.382177
36.000 -9.379888
36.011 -9.375459
36.021 -9.366409
36.031 -9.363459
36.041 -9.367742
36.051 -9.367969
36.061 -9.353835
36.071 -9.353802
36.081 -9.352262
36.091 -9.347335
36.101 -9.326284
36.111 -9.310740
36.121 -9.299237
36.131 -9.290112
36.141 -9.273631
36.151 -9.260514
36.161 -9.232626
36.171 -9.228330
36.182 -9.219554
36.192 -9.212087
36.202 -9.206530
36.212 -9.201994
36.222 -9.174860
36.232 -9.162571
36.242 -9.125124
36.252 -9.103826
36.262 -9.102851
36.272 -9.098298
36.282 -9.084323
36.292 -9.084326
36.302 -9.077754
36.312 -9.064600
36.322 -9.061444
36.332 -9.056522
36.342 -9.045216
36.352 -9.035229
36.362 -9.018591
36.372 -9.005949
36.382 -8.999260
36.392 -9.001765
36.402 -9.010021
36.412 -9.018460
36.422 -9.018459
36.432 -9.021883
36.442 -9.017229
36.452 -9.002651
36.462 -8.996270
36.472 -8.972682
36.482 -8.982062
36.492 -8.997167
36.502 -9.019690
36.512 -9.022248
36.523 -9.018613
36.533 -9.027113
36.543 -9.032572
36.553 -9.021489
36.563 -9.027052
36.573 -9.068869
36.583 -9.051793
36.593 -9.052258
36.603 -9.059874
36.613 -9.063246
36.623 -9.082778
36.633 -9.104508
36.643 -9.116982
36.653 -9.119381
36.663 -9.116100
36.673 -9.117308
36.683 -9.115790
36.694 -9.115300
36.704 -9.124803
36.714 -9.136877
36.724 -9.151176
36.734 -9.207031
36.744 -9.227906
36.754 -9.230077
36.764 -9.212811
36.774 -9.198587
36.784 -9.193243
36.794 -9.194839
36.804 -9.206216
36.814 -9.220979
36.824 -9.228665
36.834 -9.236767
36.844 -9.248737
36.854 -9.253662
36.864 -9.255710
36.874 -9.260493
36.884 -9.259890
36.894 -9.255875
36.904 -9.247108
36.914 -9.236013
36.924 -9.233230
36.934 -9.235219
36.944 -9.236964
36.954 -9.240013
36.964 -9.252484
36.974 -9.254268
36.984 -9.248271
36.994 -9.249902
37.004 -9.250638
37.014 -9.253804
37.024 -9.246932
37.035 -9.235663
37.045 -9.222916
37.055 -9.222531
37.065 -9.237316
37.075 -9.244681
37.085 -9.246022
37.095 -9.235264
37.105 -9.233711
37.115 -9.217183
37.125 -9.204220
37.135 -9.197293
37.145 -9.198811
37.155 -9.194616
37.165 -9.186702
37.175 -9.182046
37.185 -9.178667
37.195 -9.176901
37.206 -9.174288
37.216 -9.175053
37.226 -9.168642
37.236 -9.155388
37.246 -9.149729
37.256 -9.144754
37.266 -9.134959
37.276 -9.127375
37.286 -9.128705
37.296 -9.136718
37.306 -9.146903
37.316 -9.142704
37.326 -9.138914
37.336 -9.135483
37.346 -9.133927
37.356 -9.131330
37.366 -9.131179
37.376 -9.131937
37.386 -9.135998
37.396 -9.139152
37.406 -9.139805
37.416 -9.138429
37.426 -9.135930
37.436 -9.132823
37.446 -9.133698
37.456 -9.134455
37.466 -9.140317
37.476 -9.135150
37.486 -9.130933
37.496 -9.130647
37.506 -9.137479
37.516 -9.133543
37.526 -9.138414
37.536 -9.147063
37.547 -9.140602
37.557 -9.150780
37.567 -9.147219
37.577 -9.156548
37.587 -9.158831
37.597 -9.159256
37.607 -9.163239
37.617 -9.160028
37.627 -9.168520
37.637 -9.172294
37.647 -9.180131
37.657 -9.185685
37.667 -9.192341
37.677 -9.197662
37.687 -9.196157
37.697 -9.197067
37.707 -9.199667
37.718 -9.197070
37.728 -9.190107
37.738 -9.195431
37.748 -9.201856
37.758 -9.199791
37.768 -9.203211
37.778 -9.209880
37.788 -9.205988
37.798 -9.207475
37.808 -9.202260
37.818 -9.197487
37.828 -9.210139
37.838 -9.215408
37.848 -9.213121
37.858 -9.220702
37.868 -9.211869
37.878 -9.181057
37.888 -9.213248
37.898 -9.210203
37.908 -9.217814
37.918 -9.203755
37.928 -9.215560
37.938 -9.207579
37.948 -9.207254
37.958 -9.201981
37.968 -9.191914
37.978 -9.181281
37.988 -9.184308
37.998 -9.190823
38.008 -9.197200
38.018 -9.203614
38.028 -9.209746
38.038 -9.210339
38.048 -9.209861
38.059 -9.207588
38.069 -9.202748
38.079 -9.197628
38.089 -9.201502
38.099 -9.202738
38.109 -9.203729
38.119 -9.212082
38.129 -9.220882
38.139 -9.214200
38.149 -9.209050
38.159 -9.204357
38.169 -9.212029
38.179 -9.213088
38.189 -9.183311
38.199 -9.196030
38.209 -9.186628
38.219 -9.183128
38.230 -9.180205
38.240 -9.191180
38.250 -9.189564
38.260 -9.186428
38.270 -9.188443
38.280 -9.192856
38.290 -9.195289
38.300 -9.194909
38.310 -9.193345
38.320 -9.190699
38.330 -9.197605
38.340 -9.200722
38.350 -9.198609
38.360 -9.193977
38.370 -9.192927
38.380 -9.204511
38.390 -9.205664
38.400 -9.203166
38.410 -9.202763
38.420 -9.201598
38.430 -9.197608
38.440 -9.200226
38.450 -9.204816
38.460 -9.208003
38.470 -9.207161
38.480 -9.216230
38.490 -9.229262
38.500 -9.231092
38.510 -9.226757
38.520 -9.220260
38.530 -9.225646
38.540 -9.224279
38.550 -9.230136
38.560 -9.229102
38.571 -9.227219
38.581 -9.229580
38.591 -9.243535
38.601 -9.239404
38.611 -9.229751
38.621 -9.222287
38.631 -9.221806
38.641 -9.227263
38.651 -9.229154
38.661 -9.233786
38.671 -9.230967
38.681 -9.220746
38.691 -9.217518
38.701 -9.220532
38.711 -9.228564
38.721 -9.233259
38.731 -9.233057
38.742 -9.230154
38.752 -9.228617
38.762 -9.237296
38.772 -9.239522
38.782 -9.238118
38.792 -9.239476
38.802 -9.247219
38.812 -9.251459
38.822 -9.245113
38.832 -9.239224
38.842 -9.236371
38.852 -9.238926
38.862 -9.245102
38.872 -9.235940
38.882 -9.238405
38.892 -9.238612
38.902 -9.238076
38.912 -9.228680
38.922 -9.220135
38.932 -9.216675
38.942 -9.228332
38.952 -9.229282
38.962 -9.227252
38.972 -9.228437
38.982 -9.229851
38.992 -9.234961
39.002 -9.230549
39.012 -9.230148
39.022 -9.226963
39.032 -9.233439
39.042 -9.233256
39.052 -9.225265
39.062 -9.216974
39.072 -9.213489
39.083 -9.213299
39.093 -9.209249
39.103 -9.204656
39.113 -9.201443
39.123 -9.213686
39.133 -9.208714
39.143 -9.214539
39.153 -9.205318
39.163 -9.199294
39.173 -9.201782
39.183 -9.202562
39.193 -9.207012
39.203 -9.205146
39.213 -9.209589
39.223 -9.217012
39.233 -9.214880
39.243 -9.210083
39.254 -9.206659
39.264 -9.204130
39.274 -9.209659
39.284 -9.213498
39.294 -9.205359
39.304 -9.200390
39.314 -9.190855
39.324 -9.217963
39.334 -9.234965
39.344 -9.234123
39.354 -9.219622
39.364 -9.205496
39.374 -9.205161
39.384 -9.205899
39.394 -9.211855
39.404 -9.222945
39.414 -9.240391
39.424 -9.240100
39.434 -9.225298
39.444 -9.212037
39.454 -9.211902
39.464 -9.223907
39.474 -9.227639
39.484 -9.225018
39.494 -9.215138
39.504 -9.208681
39.514 -9.211138
39.524 -9.214708
39.534 -9.220614
39.544 -9.209794
39.554 -9.208882
39.564 -9.207979
39.574 -9.209892
39.584 -9.211103
39.595 -9.209944
39.605 -9.206864
39.615 -9.209460
39.625 -9.209031
39.635 -9.204602
39.645 -9.208375
39.655 -9.216299
39.665 -9.218688
39.675 -9.220097
39.685 -9.219205
39.695 -9.216435
39.705 -9.215674
39.715 -9.220491
39.725 -9.214811
39.735 -9.219638
39.745 -9.220763
39.755 -9.221977
39.766 -9.226998
39.776 -9.235947
39.786 -9.228802
39.796 -9.221063
39.806 -9.214759
39.816 -9.216591
39.826 -9.218218
39.836 -9.215391
39.846 -9.212368
39.856 -9.217576
39.866 -9.216753
39.876 -9.221180
39.886 -9.223432
39.896 -9.220982
39.906 -9.218738
39.916 -9.222521
39.926 -9.221965
39.936 -9.226009
39.946 -9.237313
39.956 -9.243141
39.966 -9.232650
39.976 -9.220238
39.986 -9.210371
39.996 -9.209549
40.006 -9.209942
40.016 -9.208167
40.026 -9.207274
40.036 -9.208263
40.046 -9.206839
40.056 -9.209818
40.066 -9.211208
40.076 -9.212732
40.086 -9.211324
40.096 -9.210300
40.107 -9.211453
40.117 -9.216197
40.127 -9.216071
40.137 -9.214518
40.147 -9.215305
40.157 -9.217872
40.167 -9.216396
40.177 -9.219347
40.187 -9.224098
40.197 -9.223160
40.207 -9.225177
40.217 -9.227169
40.227 -9.228330
40.237 -9.230020
40.247 -9.227065
40.257 -9.226174
40.267 -9.223509
40.278 -9.221388
40.288 -9.217622
40.298 -9.219888
40.308 -9.220624
40.318 -9.224292
40.328 -9.222834
40.338 -9.225240
40.348 -9.220838
40.358 -9.221251
40.368 -9.224193
40.378 -9.222700
40.388 -9.225390
40.398 -9.224763
40.408 -9.224811
40.418 -9.224151
40.428 -9.222128
40.438 -9.222813
40.448 -9.222871
40.458 -9.219407
40.468 -9.221093
40.478 -9.225582
40.488 -9.217647
40.498 -9.215671
40.508 -9.220651
40.518 -9.219551
40.528 -9.222187
40.538 -9.230473
40.548 -9.237908
40.558 -9.245738
40.568 -9.248285
40.578 -9.249611
40.588 -9.252886
40.598 -9.249224
40.608 -9.247321
40.619 -9.245518
40.629 -9.243889
40.639 -9.243992
40.649 -9.242190
40.659 -9.243861
40.669 -9.241821
40.679 -9.240401
40.689 -9.238528
40.699 -9.240298
40.709 -9.239260
40.719 -9.234816
40.729 -9.234370
40.739 -9.239947
40.749 -9.236063
40.759 -9.237787
40.769 -9.247079
40.779 -9.253954
40.790 -9.257006
40.800 -9.258117
40.810 -9.254210
40.820 -9.251947
40.830 -9.248875
40.840 -9.248238
40.850 -9.250235
40.860 -9.249800
40.870 -9.251128
40.880 -9.248299
40.890 -9.249991
40.900 -9.246897
40.910 -9.244367
40.920 -9.244526
40.930 -9.246840
40.940 -9.244622
40.950 -9.241290
40.960 -9.240237
40.970 -9.236382
40.980 -9.241173
40.990 -9.241097
41.000 -9.246175
41.010 -9.242818
41.020 -9.244944
41.030 -9.243982
41.040 -9.239615
41.050 -9.242224
41.060 -9.244535
41.070 -9.244949
41.080 -9.244617
41.090 -9.241991
41.100 -9.237858
41.110 -9.231946
41.120 -9.234160
41.131 -9.237383
41.141 -9.235324
41.151 -9.235915
41.161 -9.234829
41.171 -9.232974
41.181 -9.232789
41.191 -9.232132
41.201 -9.236424
41.211 -9.237233
41.221 -9.242205
41.231 -9.246899
41.241 -9.249470
41.251 -9.249991
41.261 -9.251460
41.271 -9.252123
41.281 -9.254892
41.291 -9.255793
41.302 -9.257958
41.312 -9.258013
41.322 -9.260046
41.332 -9.259521
41.342 -9.261834
41.352 -9.264286
41.362 -9.267848
41.372 -9.271140
41.382 -9.275167
41.392 -9.276658
41.402 -9.278629
41.412 -9.276149
41.422 -9.275379
41.432 -9.272873
41.442 -9.276519
41.452 -9.278053
41.462 -9.278203
41.472 -9.279022
41.482 -9.283604
41.492 -9.283248
41.502 -9.285361
41.512 -9.283620
41.522 -9.282952
41.532 -9.285289
41.542 -9.287182
41.552 -9.288295
41.562 -9.290147
41.572 -9.289729
41.582 -9.292785
41.592 -9.292473
41.602 -9.293591
41.612 -9.293125
41.622 -9.291762
41.632 -9.289004
41.643 -9.288349
41.653 -9.289389
41.663 -9.286686
41.673 -9.286505
41.683 -9.286191
41.693 -9.288188
41.703 -9.288155
41.713 -9.288309
41.723 -9.289280
41.733 -9.292403
41.743 -9.292503
41.753 -9.294752
41.763 -9.297882
41.773 -9.296711
41.783 -9.296607
41.793 -9.297490
41.803 -9.297484
41.814 -9.295555
41.824 -9.296673
41.834 -9.298782
41.844 -9.298649
41.854 -9.299600
41.864 -9.295911
41.874 -9.294746
41.884 -9.294183
41.894 -9.294400
41.904 -9.292244
41.914 -9.291156
41.924 -9.295421
41.934 -9.294948
41.944 -9.295903
41.954 -9.298309
41.964 -9.296844
41.974 -9.297107
41.984 -9.297527
41.994 -9.297865
42.004 -9.300614
42.014 -9.302000
42.024 -9.304687
42.034 -9.305237
42.044 -9.307206
42.054 -9.308052
42.064 -9.306284
42.074 -9.306640
42.084 -9.305804
42.094 -9.306934
42.104 -9.304830
42.114 -9.303835
42.124 -9.302557
42.134 -9.301936
42.144 -9.300724
42.155 -9.298692
42.165 -9.297467
42.175 -9.295287
42.185 -9.295513
42.195 -9.295864
42.205 -9.295561
42.215 -9.296964
42.225 -9.299433
42.235 -9.301714
42.245 -9.307917
42.255 -9.310431
42.265 -9.313723
42.275 -9.318591
42.285 -9.320720
42.295 -9.323761
42.305 -9.325988
42.315 -9.328333
42.326 -9.330811
42.336 -9.333817
42.346 -9.335016
42.356 -9.335576
42.366 -9.337438
42.376 -9.338974
42.386 -9.334883
42.396 -9.335415
42.406 -9.339510
42.416 -9.340791
42.426 -9.348922
42.436 -9.352613
42.446 -9.357150
42.456 -9.358355
42.466 -9.358278
42.476 -9.361711
42.486 -9.364101
42.496 -9.364779
42.506 -9.369351
42.516 -9.377737
42.526 -9.379118
42.536 -9.375773
42.546 -9.374042
42.556 -9.368020
42.566 -9.368316
42.576 -9.366119
42.586 -9.365268
42.596 -9.360177
42.606 -9.361993
42.616 -9.363881
42.626 -9.366641
42.636 -9.373239
42.646 -9.365772
42.656 -9.352696
42.667 -9.335856
42.677 -9.321858
42.687 -9.314551
42.697 -9.305136
42.707 -9.301460
42.717 -9.299190
42.727 -9.301239
42.737 -9.302570
42.747 -9.309517
42.757 -9.315526
42.767 -9.317771
42.777 -9.313583
42.787 -9.308591
42.797 -9.304786
42.807 -9.304915
42.817 -9.304085
42.827 -9.307441
42.838 -9.319983
42.848 -9.335500
42.858 -9.357500
42.868 -9.376276
42.878 -9.382273
42.888 -9.382426
42.898 -9.383973
42.908 -9.381728
42.918 -9.375186
42.928 -9.380064
42.938 -9.382986
42.948 -9.384091
42.958 -9.378433
42.968 -9.369324
42.978 -9.357695
42.988 -9.346305
42.998 -9.337029
43.008 -9.328196
43.018 -9.321342
43.028 -9.312425
43.038 -9.305432
43.048 -9.295977
43.058 -9.287830
43.068 -9.289519
43.078 -9.297074
43.088 -9.305475
43.098 -9.307351
43.108 -9.305910
43.118 -9.291105
43.128 -9.307266
43.138 -9.328905
43.148 -9.348913
43.158 -9.349666
43.168 -9.354908
43.179 -9.359185
43.189 -9.357036
43.199 -9.360264
43.209 -9.362372
43.219 -9.369873
43.229 -9.378844
43.239 -9.385736
43.249 -9.388443
43.259 -9.395361
43.269 -9.385914
43.279 -9.377381
43.289 -9.328879
43.299 -9.348495
43.309 -9.369662
43.319 -9.377068
43.329 -9.369039
43.339 -9.371130
43.350 -9.367959
43.360 -9.367064
43.370 -9.361065
43.380 -9.365936
43.390 -9.362819
43.400 -9.345890
43.410 -9.303420
43.420 -9.260991
43.430 -9.187115
43.440 -9.164917
43.450 -9.185027
43.460 -9.286297
43.470 -9.369152
43.480 -9.440445
43.490 -9.467818
43.500 -9.487677
43.510 -9.467712
43.520 -9.438387
43.530 -9.410532
43.540 -9.387811
43.550 -9.375157
43.560 -9.378100
43.570 -9.373890
43.580 -9.365243
43.590 -9.361096
43.600 -9.361900
43.610 -9.359559
43.620 -9.346245
43.630 -9.356253
43.640 -9.370655
43.650 -9.389154
43.660 -9.394800
43.670 -9.397282
43.680 -9.400669
43.691 -9.402807
43.701 -9.413566
43.711 -9.434960
43.721 -9.453058
43.731 -9.448872
43.741 -9.441816
43.751 -9.438458
43.761 -9.451501
43.771 -9.466351
43.781 -9.471784
43.791 -9.473666
43.801 -9.476889
43.811 -9.474322
43.821 -9.481869
43.831 -9.485712
43.841 -9.480588
43.851 -9.476531
43.862 -9.472503
43.872 -9.471594
43.882 -9.482729
43.892 -9.490591
43.902 -9.492033
43.912 -9.490967
43.922 -9.488112
43.932 -9.485006
43.942 -9.483214
43.952 -9.481728
43.962 -9.478221
43.972 -9.480312
43.982 -9.494230
43.992 -9.527908
44.002 -9.555624
44.012 -9.526155
44.022 -9.519558
44.032 -9.508990
44.042 -9.481374
44.052 -9.494918
44.062 -9.493470
44.072 -9.487484
44.082 -9.484005
44.092 -9.472327
44.102 -9.468616
44.112 -9.475254
44.122 -9.473844
44.132 -9.463781
44.142 -9.453469
44.152 -9.450395
44.162 -9.450121
44.172 -9.443628
44.182 -9.440247
44.192 -9.434123
44.203 -9.435112
44.213 -9.447825
44.223 -9.442806
44.233 -9.439503
44.243 -9.426760
44.253 -9.424905
44.263 -9.442514
44.273 -9.446329
44.283 -9.453526
44.293 -9.453298
44.303 -9.458701
44.313 -9.464198
44.323 -9.467203
44.333 -9.468057
44.343 -9.476936
44.353 -9.478406
44.363 -9.477799
44.374 -9.482209
44.384 -9.484928
44.394 -9.493941
44.404 -9.500656
44.414 -9.505989
44.424 -9.515607
44.434 -9.520720
44.444 -9.525609
44.454 -9.531573
44.464 -9.534491
44.474 -9.530382
44.484 -9.546674
44.494 -9.540200
44.504 -9.538347
44.514 -9.522843
44.524 -9.532097
44.534 -9.526617
44.544 -9.515027
44.554 -9.549524
44.564 -9.521272
44.574 -9.555508
44.584 -9.559160
44.594 -9.543175
44.604 -9.532246
44.614 -9.499236
44.624 -9.466116
44.634 -9.489791
44.644 -9.487238
44.654 -9.502567
44.664 -9.496277
44.674 -9.485424
44.684 -9.480160
44.694 -9.478871
44.704 -9.477194
44.715 -9.483452
44.725 -9.490574
44.735 -9.485116
44.745 -9.491491
44.755 -9.498288
44.765 -9.503469
44.775 -9.542959
44.785 -9.528638
44.795 -9.499825
44.805 -9.474837
44.815 -9.457148
44.825 -9.454463
44.835 -9.455965
44.845 -9.453501
44.855 -9.455677
44.865 -9.460364
44.875 -9.453797
44.886 -9.454732
44.896 -9.441857
44.906 -9.430836
44.916 -9.412499
44.926 -9.420310
44.936 -9.450639
44.946 -9.467816
44.956 -9.471429
44.966 -9.451372
44.976 -9.434534
44.986 -9.425059
44.996 -9.423794
45.006 -9.435774
45.016 -9.446048
45.026 -9.443483
45.036 -9.432611
45.046 -9.431339
45.056 -9.436331
45.066 -9.427279
45.076 -9.412963
45.086 -9.405291
45.096 -9.410526
45.106 -9.411805
45.116 -9.424096
45.126 -9.424834
45.136 -9.418054
45.146 -9.410181
45.156 -9.408859
45.166 -9.421594
45.176 -9.465040
45.186 -9.468623
45.196 -9.445917
45.206 -9.440538
45.216 -9.437475
45.227 -9.422756
45.237 -9.415382
45.247 -9.437983
45.257 -9.432238
45.267 -9.467716
45.277 -9.471843
45.287 -9.479592
45.297 -9.525382
45.307 -9.519456
45.317 -9.519811
45.327 -9.501351
45.337 -9.503862
45.347 -9.493696
45.357 -9.504340
45.367 -9.513946
45.377 -9.521425
45.387 -9.512213
45.398 -9.520913
45.408 -9.524841
45.418 -9.526076
45.428 -9.526502
45.438 -9.535090
45.448 -9.550550
45.458 -9.559021
45.468 -9.547401
45.478 -9.530991
45.488 -9.509742
45.498 -9.487137
45.508 -9.485988
45.518 -9.503876
45.528 -9.518890
45.538 -9.525663
45.548 -9.525228
45.558 -9.513813
45.568 -9.524879
45.578 -9.527622
45.588 -9.518657
45.598 -9.506973
45.608 -9.495823
45.618 -9.490739
45.628 -9.504492
45.638 -9.513247
45.648 -9.527769
45.658 -9.546090
45.668 -9.537093
45.678 -9.533092
45.688 -9.532896
45.698 -9.517281
45.708 -9.503923
45.718 -9.494027
45.728 -9.476966
45.739 -9.483059
45.749 -9.487149
45.759 -9.491002
45.769 -9.490198
45.779 -9.486343
45.789 -9.479635
45.799 -9.474028
45.809 -9.478737
45.819 -9.481464
45.829 -9.482028
45.839 -9.483591
45.849 -9.485058
45.859 -9.482570
45.869 -9.480054
45.879 -9.481448
45.889 -9.484245
45.899 -9.487923
45.910 -9.492384
45.920 -9.480863
45.930 -9.485854
45.940 -9.495437
45.950 -9.497293
45.960 -9.508417
45.970 -9.515550
45.980 -9.523043
45.990 -9.519705
46.000 -9.516227
46.010 -9.520167
46.020 -9.523715
46.030 -9.523219
46.040 -9.527961
46.050 -9.526727
46.060 -9.530853
46.070 -9.537257
46.080 -9.543503
46.090 -9.547478
46.100 -9.547345
46.110 -9.548321
46.120 -9.548776
46.130 -9.549981
46.140 -9.554049
46.150 -9.560845
46.160 -9.562666
46.170 -9.555506
46.180 -9.545312
46.190 -9.540094
46.200 -9.538512
46.210 -9.542214
46.220 -9.544760
46.230 -9.545030
46.240 -9.546985
46.251 -9.549156
46.261 -9.550571
46.271 -9.548483
46.281 -9.551186
46.291 -9.551384
46.301 -9.553912
46.311 -9.554404
46.321 -9.555263
46.331 -9.552120
46.341 -9.547163
46.351 -9.547435
46.361 -9.546465
46.371 -9.544169
46.381 -9.540650
46.391 -9.538771
46.401 -9.537666
46.411 -9.539082
46.422 -9.542469
46.432 -9.546257
46.442 -9.544091
46.452 -9.542610
46.462 -9.539883
46.472 -9.536307
46.482 -9.533682
46.492 -9.529452
46.502 -9.530420
46.512 -9.533328
46.522 -9.534152
46.532 -9.531778
46.542 -9.527285
46.552 -9.520070
46.562 -9.514319
46.572 -9.509124
46.582 -9.511080
46.592 -9.516721
46.602 -9.521345
46.612 -9.518446
46.622 -9.514372
46.632 -9.504446
46.642 -9.498882
46.652 -9.502150
46.662 -9.509261
46.672 -9.512394
46.682 -9.510859
46.692 -9.510652
46.702 -9.511820
46.712 -9.518121
46.722 -9.521446
46.732 -9.522646
46.742 -9.522012
46.752 -9.526682
46.763 -9.533674
46.773 -9.539345
46.783 -9.570480
46.793 -9.550860
46.803 -9.552123
46.813 -9.552041
46.823 -9.554135
46.833 -9.555640
46.843 -9.557753
46.853 -9.557207
46.863 -9.563730
46.873 -9.575241
46.883 -9.578654
46.893 -9.578182
46.903 -9.575268
46.913 -9.573322
46.923 -9.570155
46.934 -9.572581
46.944 -9.579556
46.954 -9.579871
46.964 -9.576835
46.974 -9.570927
46.984 -9.568763
46.994 -9.575129
47.004 -9.577321
47.014 -9.581173
47.024 -9.578612
47.034 -9.574980
47.044 -9.567524
47.054 -9.563372
47.064 -9.562304
47.074 -9.568343
47.084 -9.572379
47.094 -9.572119
47.104 -9.569005
47.114 -9.570487
47.124 -9.565337
47.134 -9.574135
47.144 -9.582922
47.154 -9.597722
47.164 -9.600100
47.174 -9.606804
47.184 -9.674191
47.194 -9.686555
47.204 -9.682521
47.214 -9.637814
47.224 -9.628181
47.234 -9.614081
47.244 -9.590400
47.254 -9.577532
47.264 -9.575082
47.275 -9.584720
47.285 -9.600457
47.295 -9.607850
47.305 -9.601574
47.315 -9.576584
47.325 -9.562039
47.335 -9.551977
47.345 -9.567942
47.355 -9.581404
47.365 -9.585795
47.375 -9.588726
47.385 -9.595912
47.395 -9.590498
47.405 -9.585131
47.415 -9.581167
47.425 -9.591717
47.435 -9.637554
47.446 -9.606326
47.456 -9.596030
47.466 -9.586099
47.476 -9.593882
47.486 -9.604950
47.496 -9.608181
47.506 -9.608085
47.516 -9.615159
47.526 -9.611084
47.536 -9.609574
47.546 -9.608350
47.556 -9.617771
47.566 -9.616353
47.576 -9.614568
47.586 -9.616681
47.596 -9.605869
47.606 -9.570466
47.616 -9.561812
47.626 -9.586064
47.636 -9.603326
47.646 -9.599367
47.656 -9.592805
47.666 -9.602666
47.676 -9.601687
47.686 -9.599241
47.696 -9.596197
47.706 -9.594391
47.716 -9.596611
47.726 -9.602854
47.736 -9.610700
47.746 -9.613577
47.756 -9.618496
47.766 -9.623454
47.776 -9.608147
47.787 -9.601629
47.797 -9.607761
47.807 -9.603243
47.817 -9.595562
47.827 -9.597590
47.837 -9.603174
47.847 -9.607371
47.857 -9.609087
47.867 -9.603148
47.877 -9.603994
47.887 -9.607756
47.897 -9.611595
47.907 -9.617299
47.917 -9.625895
47.927 -9.623808
47.937 -9.619737
47.947 -9.606126
47.958 -9.611224
47.968 -9.620902
47.978 -9.624269
47.988 -9.627322
47.998 -9.631516
48.008 -9.640377
48.018 -9.651427
48.028 -9.645393
48.038 -9.638461
48.048 -9.641971
48.058 -9.625022
48.068 -9.621323
48.078 -9.626585
48.088 -9.635330
48.098 -9.632567
48.108 -9.631381
48.118 -9.624772
48.128 -9.631380
48.138 -9.627218
48.148 -9.632165
48.158 -9.631608
48.168 -9.627729
48.178 -9.626495
48.188 -9.624201
48.198 -9.617932
48.208 -9.617747
48.218 -9.615151
48.228 -9.615431
48.238 -9.615522
48.248 -9.611935
48.258 -9.610949
48.268 -9.611900
48.278 -9.614321
48.288 -9.605946
48.299 -9.603867
48.309 -9.604921
48.319 -9.603533
48.329 -9.593937
48.339 -9.585757
48.349 -9.584773
48.359 -9.595040
48.369 -9.596796
48.379 -9.596527
48.389 -9.595512
48.399 -9.600577
48.409 -9.600455
48.419 -9.600657
48.429 -9.602674
48.439 -9.604284
48.449 -9.613629
48.459 -9.618120
48.470 -9.620652
48.480 -9.624338
48.490 -9.627667
48.500 -9.628088
48.510 -9.624566
48.520 -9.621635
48.530 -9.627164
48.540 -9.623683
48.550 -9.625347
48.560 -9.629431
48.570 -9.631216
48.580 -9.631891
48.590 -9.632738
48.600 -9.630064
48.610 -9.628059
48.620 -9.632305
48.630 -9.629116
48.640 -9.622738
48.650 -9.622292
48.660 -9.626043
48.670 -9.627164
48.680 -9.631260
48.690 -9.637347
48.700 -9.640590
48.710 -9.642298
48.720 -9.644655
48.730 -9.645790
48.740 -9.644783
48.750 -9.645684
48.760 -9.647920
48.770 -9.645580
48.780 -9.645998
48.790 -9.652121
48.800 -9.656421
48.811 -9.654944
48.821 -9.651088
48.831 -9.648487
48.841 -9.644895
48.851 -9.644537
48.861 -9.647859
48.871 -9.647216
48.881 -9.648438
48.891 -9.648547
48.901 -9.653147
48.911 -9.654876
48.921 -9.653780
48.931 -9.652262
48.941 -9.653475
48.951 -9.651232
48.961 -9.648460
48.971 -9.653141
48.982 -9.655612
48.992 -9.655619
49.002 -9.660001
49.012 -9.665713
49.022 -9.666079
49.032 -9.665860
49.042 -9.666898
49.052 -9.666573
49.062 -9.667515
49.072 -9.667988
49.082 -9.667485
49.092 -9.667213
49.102 -9.665017
49.112 -9.669299
49.122 -9.670456
49.132 -9.669625
49.142 -9.672438
49.152 -9.673550
49.162 -9.673159
49.172 -9.672551
49.182 -9.674853
49.192 -9.672337
49.202 -9.671398
49.212 -9.670662
49.222 -9.667958
49.232 -9.667043
49.242 -9.673995
49.252 -9.678938
49.262 -9.679522
49.272 -9.680495
49.282 -9.680719
49.292 -9.682904
49.302 -9.682623
49.312 -9.684508
49.323 -9.683936
49.333 -9.681608
49.343 -9.677852
49.353 -9.678896
49.363 -9.678024
49.373 -9.682761
49.383 -9.681399
49.393 -9.682115
49.403 -9.683432
49.413 -9.684084
49.423 -9.684058
49.433 -9.682881
49.443 -9.684179
49.453 -9.685677
49.463 -9.685908
49.473 -9.687496
49.483 -9.689408
49.494 -9.687072
49.504 -9.683056
49.514 -9.681479
49.524 -9.682589
49.534 -9.679758
49.544 -9.678479
49.554 -9.680500
49.564 -9.686708
49.574 -9.717424
49.584 -9.693258
49.594 -9.692494
49.604 -9.690207
49.614 -9.688344
49.624 -9.690026
49.634 -9.689554
49.644 -9.685834
49.654 -9.685374
49.664 -9.688258
49.674 -9.692028
49.684 -9.697686
49.694 -9.699295
49.704 -9.675011
49.714 -9.700103
49.724 -9.699948
49.734 -9.699887
49.744 -9.701359
49.754 -9.702228
49.764 -9.700198
49.774 -9.698730
49.784 -9.699309
49.794 -9.701630
49.804 -9.699942
49.814 -9.700818
49.824 -9.700580
49.835 -9.701451
49.845 -9.700215
49.855 -9.703128
49.865 -9.705557
49.875 -9.705111
49.885 -9.706454
49.895 -9.709168
49.905 -9.711001
49.915 -9.709149
49.925 -9.707782
49.935 -9.706405
49.945 -9.704522
49.955 -9.701399
49.965 -9.698770
49.975 -9.699180
49.985 -9.697329
49.995 -9.700894
50.006 -9.696760
50.016 -9.696352
50.026 -9.696561
50.036 -9.699339
50.046 -9.699394
50.056 -9.699231
50.066 -9.696246
50.076 -9.694839
50.086 -9.696084
50.096 -9.688310
50.106 -9.684355
50.116 -9.691390
50.126 -9.699138
50.136 -9.698834
50.146 -9.698853
50.156 -9.698723
50.166 -9.701591
50.176 -9.702290
50.186 -9.699831
50.196 -9.698460
50.206 -9.700836
50.216 -9.698573
50.226 -9.697681
50.236 -9.697517
50.246 -9.697449
50.256 -9.699196
50.266 -9.702805
50.276 -9.700060
50.286 -9.697884
50.296 -9.698956
50.306 -9.700007
50.316 -9.702662
50.326 -9.702483
50.336 -9.706044
50.347 -9.705481
50.357 -9.705300
50.367 -9.701260
50.377 -9.711549
50.387 -9.710863
50.397 -9.708025
50.407 -9.715270
50.417 -9.722419
50.427 -9.726344
50.437 -9.732036
50.447 -9.733844
50.457 -9.732752
50.467 -9.730472
50.477 -9.728871
50.487 -9.725323
50.497 -9.723755
50.507 -9.726996
50.518 -9.727792
50.528 -9.723885
50.538 -9.714767
50.548 -9.710807
50.558 -9.711011
50.568 -9.712368
50.578 -9.711541
50.588 -9.708374
50.598 -9.710052
50.608 -9.710931
50.618 -9.712506
50.628 -9.708873
50.638 -9.707643
50.648 -9.708009
50.658 -9.706777
50.668 -9.712351
50.678 -9.724543
50.688 -9.736435
50.698 -9.739077
50.708 -9.736313
50.718 -9.741118
50.728 -9.742942
50.738 -9.744168
50.748 -9.748316
50.758 -9.749607
50.768 -9.756813
50.778 -9.764713
50.788 -9.765571
50.798 -9.763844
50.808 -9.764249
50.818 -9.767014
50.828 -9.763728
50.838 -9.769233
50.848 -9.773047
50.859 -9.776458
50.869 -9.772549
50.879 -9.774144
50.889 -9.778933
50.899 -9.782944
50.909 -9.784033
50.919 -9.785737
50.929 -9.784869
50.939 -9.786011
50.949 -9.789078
50.959 -9.788939
50.969 -9.794424
50.979 -9.794836
50.989 -9.796163
50.999 -9.799892
51.009 -9.802713
51.019 -9.803383
51.030 -9.803637
51.040 -9.798682
51.050 -9.793262
51.060 -9.793376
51.070 -9.793332
51.080 -9.792779
51.090 -9.791764
51.100 -9.792881
51.110 -9.794275
51.120 -9.795260
51.130 -9.796189
51.140 -9.793335
51.150 -9.793314
51.160 -9.793179
51.170 -9.792462
51.180 -9.792519
51.190 -9.792481
51.200 -9.794247
51.210 -9.799439
51.220 -9.807326
51.230 -9.809346
51.240 -9.800646
51.250 -9.795805
51.260 -9.788979
51.270 -9.784708
51.280 -9.780537
51.290 -9.782153
51.300 -9.785724
51.310 -9.783864
51.320 -9.774408
51.330 -9.771613
51.340 -9.763000
51.350 -9.755307
51.360 -9.751006
51.371 -9.746448
51.381 -9.745525
51.391 -9.749815
51.401 -9.751548
51.411 -9.747102
51.421 -9.746078
51.431 -9.747241
51.441 -9.737310
51.451 -9.733058
51.461 -9.736890
51.471 -9.744125
51.481 -9.754508
51.491 -9.765816
51.501 -9.780014
51.511 -9.791125
51.521 -9.792238
51.531 -9.794584
51.542 -9.797613
51.552 -9.788627
51.562 -9.775235
51.572 -9.759215
51.582 -9.744882
51.592 -9.731137
51.602 -9.738805
51.612 -9.740687
51.622 -9.742870
51.632 -9.748617
51.642 -9.752898
51.652 -9.757442
51.662 -9.757753
51.672 -9.755757
51.682 -9.742102
51.692 -9.737757
51.702 -9.731879
51.712 -9.729182
51.722 -9.734159
51.732 -9.746050
51.742 -9.750042
51.752 -9.758793
51.762 -9.767923
51.772 -9.776479
51.782 -9.772586
51.792 -9.759719
51.802 -9.747387
51.812 -9.743201
51.822 -9.748519
51.832 -9.752158
51.842 -9.762773
51.852 -9.774582
51.862 -9.784768
51.872 -9.790408
51.883 -9.789765
51.893 -9.787858
51.903 -9.778748
51.913 -9.776186
51.923 -9.773831
51.933 -9.770450
51.943 -9.771647
51.953 -9.777468
51.963 -9.780400
51.973 -9.779582
51.983 -9.778359
51.993 -9.794125
52.003 -9.814685
52.013 -9.837093
52.023 -9.851822
52.033 -9.860782
52.043 -9.870271
52.054 -9.872672
52.064 -9.876724
52.074 -9.875640
52.084 -9.878097
52.094 -9.883640
52.104 -9.883992
52.114 -9.889963
52.124 -9.898615
52.134 -9.902251
52.144 -9.905793
52.154 -9.904536
52.164 -9.905054
52.174 -9.901890
52.184 -9.886371
52.194 -9.868881
52.204 -9.846337
52.214 -9.828656
52.224 -9.818351
52.234 -9.813522
52.244 -9.804758
52.254 -9.798527
52.264 -9.795446
52.274 -9.795990
52.284 -9.798539
52.294 -9.794614
52.304 -9.788656
52.314 -9.783299
52.324 -9.773909
52.334 -9.779222
52.344 -9.785926
52.354 -9.797604
52.364 -9.809590
52.374 -9.821972
52.384 -9.839791
52.395 -9.858027
52.405 -9.876179
52.415 -9.890656
52.425 -9.887253
52.435 -9.881266
52.445 -9.877558
52.455 -9.871849
52.465 -9.872299
52.475 -9.872877
52.485 -9.879189
52.495 -9.895928
52.505 -9.905783
52.515 -9.911774
52.525 -9.918610
52.535 -9.917740
52.545 -9.909453
52.555 -9.903807
52.566 -9.900963
52.576 -9.897282
52.586 -9.884383
52.596 -9.884228
52.606 -9.893032
52.616 -9.898569
52.626 -9.985353
52.636 -10.078269
52.646 -10.034790
52.656 -9.979539
52.666 -9.813102
52.676 -9.664009
52.686 -9.704403
52.696 -9.765612
52.706 -9.816698
52.716 -9.834497
52.726 -9.868502
52.736 -9.885397
52.746 -9.907207
52.756 -9.865549
52.766 -9.843932
52.776 -9.831068
52.786 -9.842393
52.796 -9.860115
52.806 -9.881260
52.816 -9.888787
52.826 -9.888761
52.836 -9.900658
52.846 -9.898035
52.856 -9.885140
52.866 -9.883017
52.876 -9.874271
52.886 -9.844475
52.896 -9.853413
52.907 -9.844477
52.917 -9.837300
52.927 -9.835271
52.937 -9.836771
52.947 -9.840996
52.957 -9.844947
52.967 -9.849790
52.977 -9.849928
52.987 -9.850310
52.997 -9.853718
53.007 -9.858547
53.017 -9.860078
53.027 -9.856974
53.037 -9.856652
53.047 -9.855360
53.057 -9.862545
53.067 -9.865835
53.078 -9.865321
53.088 -9.862819
53.098 -9.863458
53.108 -9.863894
53.118 -9.864736
53.128 -9.860808
53.138 -9.860171
53.148 -9.859385
53.158 -9.861163
53.168 -9.860758
53.178 -9.860840
53.188 -9.859154
53.198 -9.858521
53.208 -9.856717
53.218 -9.857132
53.228 -9.857115
53.238 -9.860060
53.248 -9.861231
53.258 -9.861010
53.268 -9.859532
53.278 -9.860554
53.288 -9.868149
53.298 -9.877291
53.308 -9.882719
53.318 -9.883075
53.328 -9.882335
53.338 -9.885844
53.348 -9.886853
53.358 -9.889551
53.368 -9.891891
53.378 -9.896164
53.388 -9.894319
53.398 -9.896234
53.408 -9.898010
53.419 -9.901858
53.429 -9.902548
53.439 -9.903691
53.449 -9.903445
53.459 -9.901908
53.469 -9.899277
53.479 -9.901902
53.489 -9.898073
53.499 -9.897654
53.509 -9.896869
53.519 -9.896896
53.529 -9.893543
53.539 -9.891583
53.549 -9.893892
53.559 -9.894746
53.569 -9.893865
53.579 -9.890221
53.590 -9.889473
53.600 -9.887744
53.610 -9.888812
53.620 -9.886876
53.630 -9.886144
53.640 -9.889448
53.650 -9.889752
53.660 -9.888869
53.670 -9.888236
53.680 -9.885989
53.690 -9.884007
53.700 -9.885178
53.710 -9.886810
53.720 -9.886156
53.730 -9.887587
53.740 -9.887228
53.750 -9.887589
53.760 -9.887399
53.770 -9.887303
53.780 -9.887944
53.790 -9.886212
53.800 -9.883334
53.810 -9.883611
53.820 -9.887214
53.830 -9.888793
53.840 -9.889433
53.850 -9.889237
53.860 -9.893460
53.870 -9.898106
53.880 -9.897518
53.890 -9.896790
53.900 -9.895860
53.910 -9.895407
53.920 -9.894930
53.931 -9.897084
53.941 -9.897642
53.951 -9.896062
53.961 -9.898695
53.971 -9.896381
53.981 -9.895459
53.991 -9.894415
54.001 -9.893278
54.011 -9.895377
54.021 -9.893881
54.031 -9.893094
54.041 -9.895723
54.051 -9.898733
54.061 -9.901518
54.071 -9.905948
54.081 -9.901431
54.091 -9.902572
54.102 -9.898436
54.112 -9.901122
54.122 -9.903861
54.132 -9.905112
54.142 -9.904196
54.152 -9.904323
54.162 -9.903782
54.172 -9.906827
54.182 -9.907516
54.192 -9.909092
54.202 -9.908284
54.212 -9.909789
54.222 -9.912639
54.232 -9.914061
54.242 -9.917052
54.252 -9.914045
54.262 -9.917091
54.272 -9.918705
54.282 -9.921166
54.292 -9.921486
54.302 -9.921109
54.312 -9.923812
54.322 -9.923592
54.332 -9.922993
54.342 -9.920583
54.352 -9.918692
54.362 -9.919004
54.372 -9.921378
54.382 -9.919544
54.392 -9.916554
54.402 -9.916634
54.412 -9.918786
54.422 -9.917675
54.432 -9.915092
54.443 -9.914682
54.453 -9.916374
54.463 -9.915669
54.473 -9.912902
54.483 -9.912591
54.493 -9.916945
54.503 -9.917342
54.513 -9.915807
54.523 -9.914926
54.533 -9.915124
54.543 -9.919695
54.553 -9.922541
54.563 -9.922306
54.573 -9.921410
54.583 -9.922592
54.593 -9.922502
54.603 -9.923098
54.614 -9.921730
54.624 -9.923753
54.634 -9.929301
54.644 -9.929961
54.654 -9.926955
54.664 -9.926270
54.674 -9.930612
54.684 -9.931351
54.694 -9.928844
54.704 -9.926353
54.714 -9.926974
54.724 -9.926976
54.734 -9.924872
54.744 -9.923939
54.754 -9.921487
54.764 -9.924459
54.774 -9.924956
54.784 -9.923507
54.794 -9.922449
54.804 -9.922842
54.814 -9.925832
54.824 -9.929892
54.834 -9.931038
54.844 -9.932175
54.854 -9.934393
54.864 -9.939458
54.874 -9.942759
54.884 -9.944910
54.894 -9.950558
54.904 -9.953890
54.914 -9.952995
54.924 -9.950408
54.934 -9.950798
54.944 -9.950630
54.955 -9.952722
54.965 -9.951859
54.975 -9.949221
54.985 -9.949776
54.995 -9.950931
55.005 -9.954140
55.015 -9.951924
55.025 -9.952147
55.035 -9.953882
55.045 -9.957515
55.055 -9.956315
55.065 -9.953388
55.075 -9.955977
55.085 -9.955372
55.095 -9.951283
55.105 -9.949687
55.115 -9.948077
55.126 -9.948740
55.136 -9.949265
55.146 -9.947286
55.156 -9.943821
55.166 -9.943756
55.176 -9.944176
55.186 -9.945401
55.196 -9.945922
55.206 -9.948419
55.216 -9.949402
55.226 -9.949383
55.236 -9.950528
55.246 -9.951490
55.256 -9.952858
55.266 -9.955075
55.276 -9.955312
55.286 -9.953026
55.296 -9.952677
55.306 -9.954549
55.316 -9.957606
55.326 -9.958410
55.336 -9.956473
55.346 -9.959606
55.356 -9.960299
55.366 -9.960144
55.376 -9.959826
55.386 -9.958879
55.396 -9.960786
55.406 -9.963613
55.416 -9.964413
55.426 -9.965127
55.436 -9.962367
55.446 -9.961524
55.456 -9.962365
55.467 -9.964323
55.477 -9.962504
55.487 -9.960906
55.497 -9.962779
55.507 -9.962873
55.517 -9.961737
55.527 -9.965460
55.537 -9.967549
55.547 -9.965472
55.557 -9.965711
55.567 -9.964178
55.577 -9.966323
55.587 -9.971173
55.597 -9.970108
55.607 -9.970885
55.617 -9.971463
55.627 -9.973597
55.638 -9.971318
55.648 -9.973985
55.658 -9.973361
55.668 -9.974269
55.678 -9.972929
55.688 -9.973904
55.698 -9.974496
55.708 -9.972950
55.718 -9.975409
55.728 -9.974156
55.738 -9.971180
55.748 -9.971035
55.758 -9.971456
55.768 -9.969126
55.778 -9.970347
55.788 -9.968351
55.798 -9.965884
55.808 -9.967679
55.818 -9.966494
55.828 -9.965817
55.838 -9.965420
55.848 -9.966681
55.858 -9.970942
55.868 -9.966796
55.878 -9.964890
55.888 -9.966366
55.898 -9.969390
55.908 -9.968451
55.918 -9.967661
55.928 -9.967638
55.938 -9.968294
55.948 -9.969125
55.958 -9.970844
55.968 -9.971005
55.979 -9.973546
55.989 -9.976424
55.999 -9.977269
56.009 -9.975695
56.019 -9.976172
56.029 -9.979149
56.039 -9.978804
56.049 -9.978302
56.059 -9.977461
56.069 -9.978307
56.079 -9.981686
56.089 -9.981760
56.099 -9.981077
56.109 -9.981443
56.119 -9.983461
56.129 -9.986661
56.139 -9.987524
56.150 -9.986083
56.160 -9.987050
56.170 -9.988393
56.180 -9.990483
56.190 -9.988533
56.200 -9.987843
56.210 -9.988335
56.220 -9.989705
56.230 -9.989048
56.240 -9.985887
56.250 -9.985811
56.260 -9.988661
56.270 -9.990041
56.280 -9.987747
56.290 -9.987977
56.300 -9.990343
56.310 -9.993522
56.320 -9.993449
56.330 -9.991959
56.340 -9.992628
56.350 -9.995221
56.360 -9.993727
56.370 -9.992457
56.380 -9.993157
56.390 -9.994610
56.400 -9.995485
56.410 -9.995394
56.420 -9.993557
56.430 -9.994927
56.440 -9.997462
56.450 -10.000185
56.460 -9.999802
56.470 -9.997349
56.480 -9.997730
56.491 -9.999101
56.501 -9.998702
56.511 -9.994499
56.521 -9.996150
56.531 -9.996855
56.541 -9.996691
56.551 -9.996039
56.561 -9.996569
56.571 -9.998745
56.581 -10.001805
56.591 -10.000576
56.601 -9.998869
56.611 -9.998020
56.621 -10.002884
56.631 -10.002530
56.641 -10.001016
56.651 -9.999791
56.662 -10.001301
56.672 -10.002511
56.682 -10.001420
56.692 -10.001881
56.702 -10.002239
56.712 -10.007170
56.722 -10.008309
56.732 -10.004321
56.742 -10.004598
56.752 -10.007680
56.762 -10.011141
56.772 -10.011081
56.782 -10.009995
56.792 -10.010637
56.802 -10.011511
56.812 -10.014735
56.822 -10.013689
56.832 -10.012290
56.842 -10.012322
56.852 -10.016614
56.862 -10.016028
56.872 -10.016547
56.882 -10.016302
56.892 -10.018654
56.902 -10.019155
56.912 -10.018485
56.922 -10.017030
56.932 -10.019689
56.942 -10.019628
56.952 -10.018390
56.962 -10.019343
56.972 -10.018485
56.982 -10.021247
56.992 -10.021275
57.003 -10.021206
57.013 -10.020482
57.023 -10.020302
57.033 -10.023924
57.043 -10.021506
57.053 -10.020501
57.063 -10.020396
57.073 -10.022912
57.083 -10.020173
57.093 -10.018036
57.103 -10.018145
57.113 -10.017584
57.123 -10.019633
57.133 -10.020050
57.143 -10.019412
57.153 -10.019547
57.163 -10.021414
57.174 -10.021784
57.184 -10.021723
57.194 -10.022439
57.204 -10.022771
57.214 -10.023569
57.224 -10.024129
57.234 -10.024482
57.244 -10.028136
57.254 -10.028199
57.264 -10.028649
57.274 -10.028393
57.284 -10.027967
57.294 -10.027800
57.304 -10.029210
57.314 -10.029376
57.324 -10.031092
57.334 -10.034079
57.344 -10.034064
57.354 -10.033744
57.364 -10.033637
57.374 -10.034395
57.384 -10.039731
57.394 -10.039146
57.404 -10.038386
57.414 -10.038816
57.424 -10.040923
57.434 -10.044564
57.444 -10.040573
57.454 -10.037384
57.464 -10.038613
57.474 -10.038513
57.484 -10.040232
57.494 -10.043594
57.504 -10.049902
57.515 -10.053256
57.525 -10.056203
57.535 -10.054106
57.545 -10.050120
57.555 -10.045602
57.565 -10.041601
57.575 -10.036413
57.585 -10.033631
57.595 -10.029046
57.605 -10.023337
57.615 -10.019344
57.625 -10.019061
57.635 -10.019219
57.645 -10.022994
57.655 -10.030268
57.665 -10.038873
57.675 -10.041857
57.686 -10.041877
57.696 -10.043592
57.706 -10.050787
57.716 -10.059001
57.726 -10.064309
57.736 -10.069178
57.746 -10.072548
57.756 -10.077601
57.766 -10.076065
57.776 -10.069602
57.786 -10.065990
57.796 -10.063448
57.806 -10.059960
57.816 -10.054062
57.826 -10.052752
57.836 -10.052050
57.846 -10.053355
57.856 -10.053363
57.866 -10.052256
57.876 -10.054265
57.886 -10.059014
57.896 -10.063207
57.906 -10.066163
57.916 -10.068785
57.926 -10.073705
57.936 -10.078024
57.946 -10.081788
57.956 -10.081838
57.966 -10.082226
57.976 -10.085237
57.986 -10.087842
57.996 -10.086115
58.006 -10.081529
58.016 -10.082247
58.027 -10.083030
58.037 -10.081084
58.047 -10.076861
58.057 -10.073503
58.067 -10.073573
58.077 -10.070521
58.087 -15.092846
58.097 -15.091117
58.107 -15.091643
58.117 -15.094639
58.127 -15.089692
58.137 -15.085129
58.147 -15.083738
58.157 -15.083894
58.167 -15.084824
58.177 -15.086429
58.187 -15.090201
58.198 -15.092172
58.208 -15.095976
58.218 -15.095379
58.228 -15.093182
58.238 -15.091950
58.248 -15.093540
58.258 -15.094556
58.268 -15.096078
58.278 -15.094593
58.288 -15.096399
58.298 -15.098319
58.308 -15.099570
58.318 -15.098814
58.328 -15.100096
58.338 -15.104578
58.348 -15.108373
58.358 -15.109998
58.368 -15.111397
58.378 -15.115440
58.388 -15.118062
58.398 -15.118114
58.408 -15.116959
58.418 -15.113596
58.428 -15.116705
58.438 -15.118383
58.448 -15.116930
58.458 -15.115035
58.468 -15.114340
58.478 -15.117269
58.488 -15.118328
58.498 -15.117807
58.508 -15.116971
58.518 -15.116510
58.528 -15.119161
58.539 -15.118136
58.549 -15.117609
58.559 -15.117857
58.569 -15.117159
58.579 -15.117470
58.589 -15.117289
58.599 -15.119826
58.609 -15.120676
58.619 -15.120967
58.629 -15.120325
58.639 -15.117392
58.649 -15.120109
58.659 -15.117377
58.669 -15.116009
58.679 -15.112476
58.689 -15.112547
58.699 -15.113801
58.710 -15.113088
58.720 -15.112623
58.730 -15.113927
58.740 -15.114153
58.750 -15.116505
58.760 -15.118471
58.770 -15.116843
58.780 -15.117349
58.790 -15.120676
58.800 -15.123356
58.810 -15.120770
58.820 -15.119737
58.830 -15.120452
58.840 -15.121714
58.850 -15.122906
58.860 -15.119956
58.870 -15.118340
58.880 -15.120325
58.890 -15.123076
58.900 -15.126294
58.910 -15.126214
58.920 -15.127237
58.930 -15.128166
58.940 -15.127834
58.950 -15.125602
58.960 -15.125107
58.970 -15.124251
58.980 -15.127303
58.990 -15.125916
59.000 -15.127557
59.010 -15.128229
59.020 -15.132928
59.030 -15.131905
59.040 -15.129611
59.051 -15.131262
59.061 -15.134202
59.071 -15.132494
59.081 -15.131177
59.091 -15.132263
59.101 -15.133238
59.111 -15.133872
59.121 -15.133745
59.131 -15.134013
59.141 -15.136898
59.151 -15.137961
59.161 -15.141791
59.171 -15.141557
59.181 -15.140843
59.191 -15.140288
59.201 -15.142415
59.211 -15.142740
59.222 -15.140867
59.232 -15.139915
59.242 -15.143536
59.252 -15.145560
59.262 -15.145836
59.272 -15.142068
59.282 -15.145792
59.292 -15.146702
59.302 -15.145582
59.312 -15.144579
59.322 -15.143070
59.332 -15.143063
59.342 -15.145300
59.352 -15.145199
59.362 -15.145285
59.372 -15.147271
59.382 -15.150933
59.392 -15.152645
59.402 -15.151290
59.412 -15.153500
59.422 -15.155343
59.432 -15.153755
59.442 -15.154287
59.452 -15.151330
59.462 -15.150696
59.472 -15.155475
59.482 -15.156847
59.492 -15.153599
59.502 -15.152076
59.512 -15.154582
59.522 -15.156085
59.532 -15.155075
59.542 -15.153704
59.552 -15.153779
59.563 -15.154828
59.573 -15.153121
59.583 -15.150385
59.593 -15.148787
59.603 -15.151522
59.613 -15.152119
59.623 -15.154360
59.633 -15.158199
59.643 -15.161154
59.653 -15.168180
59.663 -15.170195
59.673 -15.169544
59.683 -15.169656
59.693 -15.172665
59.703 -15.172737
59.713 -15.170035
59.723 -15.169522
59.734 -15.170180
59.744 -15.177083
59.754 -15.178930
59.764 -15.178636
59.774 -15.177579
59.784 -15.176610
59.794 -15.180093
59.804 -15.180657
59.814 -15.179432
59.824 -15.178296
59.834 -15.183775
59.844 -15.185109
59.854 -15.187048
59.864 -15.186846
59.874 -15.189701
59.884 -15.190667
59.894 -15.195309
59.904 -15.194288
59.914 -15.192305
59.924 -15.193910
59.934 -15.195492
59.944 -15.194891
59.954 -15.191409
59.964 -15.191211
59.974 -15.194966
59.984 -15.196879
59.994 -15.197392
60.004 -15.196071
60.014 -15.200502
60.024 -15.204296
60.034 -15.206873
60.044 -15.205655
60.054 -15.203156
60.064 -15.205872
60.075 -15.205613
60.085 -15.204082
60.095 -15.204066
60.105 -15.207615
60.115 -15.209690
60.125 -15.208588
60.135 -15.206838
60.145 -15.209945
60.155 -15.210880
60.165 -15.211188
60.175 -15.210592
60.185 -15.211627
60.195 -15.212492
60.205 -15.214514
60.215 -15.214166
60.225 -15.211654
60.235 -15.213360
60.246 -15.217026
60.256 -15.218894
60.266 -15.219696
60.276 -15.217855
60.286 -15.217867
60.296 -15.216486
60.306 -15.210522
60.316 -15.207916
60.326 -15.205723
60.336 -15.203236
60.346 -15.197322
60.356 -15.193211
60.366 -15.193253
60.376 -15.192818
60.386 -15.188035
60.396 -15.186444
60.406 -15.183168
60.416 -15.183663
60.426 -15.184065
60.436 -15.185473
60.446 -15.182765
60.456 -15.178282
60.466 -15.176379
60.476 -15.174911
60.486 -15.171011
60.496 -15.172757
60.506 -15.169292
60.516 -15.171175
60.526 -15.170786
60.536 -15.174789
60.546 -15.177386
60.556 -15.176530
60.566 -15.181524
60.576 -15.178861
60.587 -15.179974
60.597 -15.181653
60.607 -15.176903
60.617 -15.176033
60.627 -15.169037
60.637 -15.193100
60.647 -15.169672
60.657 -15.188405
60.667 -15.188024
60.677 -15.176148
60.687 -15.191086
60.697 -15.186518
60.707 -15.196539
60.717 -15.195021
60.727 -15.204347
60.737 -15.197333
60.747 -15.207140
60.758 -15.211532
60.768 -15.221695
60.778 -15.231831
60.788 -15.235295
60.798 -15.236658
60.808 -15.231252
60.818 -15.226001
60.828 -15.227853
60.838 -15.232524
60.848 -15.233628
60.858 -15.225799
60.868 -15.224769
60.878 -15.224248
60.888 -15.229230
60.898 -15.227175
60.908 -15.217067
60.918 -15.215722
60.928 -15.217116
60.938 -15.220850
60.948 -15.214296
60.958 -15.207921
60.968 -15.205859
60.978 -15.204693
60.988 -15.203400
60.998 -15.207404
61.008 -15.215477
61.018 -15.233105
61.028 -15.233233
61.038 -15.217645
61.048 -15.222317
61.058 -15.230859
61.068 -15.223629
61.078 -15.210681
61.088 -15.203370
61.099 -15.200846
61.109 -15.196560
61.119 -15.191812
61.129 -15.183131
61.139 -15.179694
61.149 -15.176489
61.159 -15.178528
61.169 -15.181836
61.179 -15.185599
61.189 -15.195226
61.199 -15.200554
61.209 -15.205706
61.219 -15.208363
61.229 -15.207715
61.239 -15.204615
61.249 -15.206887
61.259 -15.208148
61.270 -15.217568
61.280 -15.227933
61.290 -15.230382
61.300 -15.229912
61.310 -15.227240
61.320 -15.230592
61.330 -15.232769
61.340 -15.230549
61.350 -15.233896
61.360 -15.239719
61.370 -15.240946
61.380 -15.241482
61.390 -15.247594
61.400 -15.246631
61.410 -15.248682
61.420 -15.249879
61.430 -15.251652
61.440 -15.252895
61.450 -15.255027
61.460 -15.254495
61.470 -15.258247
61.480 -15.263016
61.490 -15.263681
61.500 -15.266642
61.510 -15.267977
61.520 -15.273469
61.530 -15.274106
61.540 -15.274775
61.550 -15.275588
61.560 -15.275971
61.570 -15.270897
61.580 -15.264002
61.590 -15.259668
61.600 -15.257826
61.611 -15.254590
61.621 -15.247609
61.631 -15.245362
61.641 -15.244212
61.651 -15.244659
61.661 -15.243202
61.671 -15.244435
61.681 -15.245030
61.691 -15.243056
61.701 -15.242276
61.711 -15.238665
61.721 -15.236805
61.731 -15.236605
61.741 -15.235264
61.751 -15.232464
61.761 -15.229101
61.771 -15.231321
61.782 -15.232536
61.792 -15.229740
61.802 -15.225441
61.812 -15.235538
61.822 -15.246808
61.832 -15.256167
61.842 -15.257781
61.852 -15.243567
61.862 -15.232982
61.872 -15.232447
61.882 -15.229704
61.892 -15.228006
61.902 -15.233270
61.912 -15.240531
61.922 -15.242829
61.932 -15.243259
61.942 -15.248268
61.952 -15.253551
61.962 -15.265768
61.972 -15.266077
61.982 -15.262749
61.992 -15.266562
62.002 -15.266174
62.012 -15.268186
62.022 -15.270613
62.032 -15.273284
62.042 -15.276155
62.052 -15.276771
62.062 -15.273696
62.072 -15.278669
62.082 -15.281786
62.092 -15.282377
62.102 -15.283755
62.112 -15.286875
62.123 -15.287509
62.133 -15.283421
62.143 -15.285627
62.153 -15.283300
62.163 -15.279757
62.173 -15.277845
62.183 -15.277311
62.193 -15.275256
62.203 -15.275058
62.213 -15.270827
62.223 -15.264063
62.233 -15.267380
62.243 -15.267930
62.253 -15.270206
62.263 -15.271749
62.273 -15.271386
62.283 -15.272028
62.294 -15.271508
62.304 -15.269499
62.314 -15.270227
62.324 -15.269965
62.334 -15.273844
62.344 -15.274950
62.354 -15.278061
62.364 -15.277937
62.374 -15.276596
62.384 -15.274422
62.394 -15.277313
62.404 -15.279355
62.414 -15.283176
62.424 -15.281670
62.434 -15.280817
62.444 -15.281497
62.454 -15.282790
62.464 -15.283520
62.474 -15.281859
62.484 -15.278732
62.494 -15.283528
62.504 -15.283907
62.514 -15.285243
62.524 -15.284108
62.534 -15.285989
62.544 -15.286293
62.554 -15.289056
62.564 -15.290106
62.574 -15.289934
62.584 -15.287309
62.594 -15.286747
62.604 -15.284544
62.614 -15.280675
62.624 -15.279265
62.635 -15.279270
62.645 -15.279526
62.655 -15.280145
62.665 -15.278454
62.675 -15.276695
62.685 -15.276851
62.695 -15.275756
62.705 -15.274691
62.715 -15.272353
62.725 -15.271804
62.735 -15.274551
62.745 -15.276235
62.755 -15.274352
62.765 -15.274321
62.775 -15.274785
62.785 -15.271875
62.795 -15.270458
62.806 -15.272428
62.816 -15.273501
62.826 -15.271744
62.836 -15.272324
62.846 -15.274038
62.856 -15.277299
62.866 -15.277356
62.876 -15.274403
62.886 -15.274398
62.896 -15.272991
62.906 -15.275920
62.916 -15.280950
62.926 -15.283171
62.936 -15.287560
62.946 -15.287598
62.956 -15.290452
62.966 -15.291421
62.976 -15.293091
62.986 -15.294380
62.996 -15.300455
63.006 -15.301722
63.016 -15.299995
63.026 -15.301410
63.036 -15.303046
63.046 -15.302225
63.056 -15.302953
63.066 -15.304166
63.076 -15.303700
63.086 -15.304119
63.096 -15.307916
63.106 -15.308201
63.116 -15.307778
63.126 -15.309261
63.136 -15.313606
63.147 -15.312595
63.157 -15.312291
63.167 -15.309189
63.177 -15.307321
63.187 -15.307447
63.197 -15.302058
63.207 -15.301045
63.217 -15.301210
63.227 -15.302514
63.237 -15.301423
63.247 -15.299921
63.257 -15.301925
63.267 -15.302233
63.277 -15.300599
63.287 -15.298483
63.297 -15.298897
63.307 -15.296990
63.318 -15.296403
63.328 -15.295579
63.338 -15.293676
63.348 -15.295561
63.358 -15.300045
63.368 -15.299174
63.378 -15.301012
63.388 -15.301589
63.398 -15.304152
63.408 -15.303986
63.418 -15.304211
63.428 -15.303853
63.438 -15.308911
63.448 -15.313126
63.458 -15.313522
63.468 -15.313709
63.478 -15.318436
63.488 -15.320487
63.498 -15.318694
63.508 -15.318854
63.518 -15.318334
63.528 -15.318517
63.538 -15.317317
63.548 -15.317966
63.558 -15.319809
63.568 -15.320652
63.578 -15.323738
63.588 -15.322859
63.598 -15.318364
63.608 -15.315180
63.618 -15.312202
63.628 -15.315789
63.638 -15.318982
63.648 -15.317532
63.659 -15.317968
63.669 -15.319048
63.679 -15.318520
63.689 -15.314850
63.699 -15.314715
63.709 -15.314776
63.719 -15.313827
63.729 -15.312890
63.739 -15.309926
63.749 -15.306405
63.759 -15.303169
63.769 -15.303415
63.779 -15.301141
63.789 -15.300515
63.799 -15.298531
63.809 -15.299840
63.819 -15.300825
63.830 -15.300908
63.840 -15.302815
63.850 -15.306582
63.860 -15.309162
63.870 -15.310611
63.880 -15.310116
63.890 -15.309365
63.900 -15.310944
63.910 -15.311138
63.920 -15.306276
63.930 -15.307020
63.940 -15.310475
63.950 -15.316014
63.960 -15.318696
63.970 -15.322085
63.980 -15.324310
63.990 -15.326190
64.000 -15.328654
64.010 -15.329418
64.020 -15.331648
64.030 -15.331845
64.040 -15.331842
64.050 -15.333415
64.060 -15.328526
64.070 -15.334140
64.080 -15.333996
64.090 -15.334713
64.100 -15.333683
64.110 -15.332484
64.120 -15.330931
64.130 -15.323061
64.140 -15.320854
64.150 -15.324328
64.160 -15.322786
64.171 -15.335562
64.181 -15.328047
64.191 -15.329611
64.201 -15.332262
64.211 -15.332367
64.221 -15.325747
64.231 -15.322417
64.241 -15.312996
64.251 -15.316414
64.261 -15.323323
64.271 -15.322204
64.281 -15.324583
64.291 -15.328958
64.301 -15.334585
64.311 -15.338804
64.321 -15.339707
64.331 -15.341994
64.342 -15.341004
64.352 -15.342720
64.362 -15.344337
64.372 -15.343987
64.382 -15.346479
64.392 -15.348870
64.402 -15.347251
64.412 -15.346525
64.422 -15.348126
64.432 -15.349205
64.442 -15.356560
64.452 -15.358496
64.462 -15.358990
64.472 -15.358841
64.482 -15.363321
64.492 -15.366230
64.502 -15.371228
64.512 -15.372438
64.522 -15.375313
64.532 -15.372826
64.542 -15.372326
64.552 -15.372529
64.562 -15.372228
64.572 -15.378878
64.582 -15.385591
64.592 -15.393883
64.602 -15.400418
64.612 -15.426724
64.622 -15.437243
64.632 -15.442278
64.642 -15.442749
64.652 -15.437327
64.662 -15.419114
64.672 -15.397295
64.683 -15.381810
64.693 -15.370184
64.703 -15.358393
64.713 -15.347214
64.723 -15.345256
64.733 -15.351359
64.743 -15.357735
64.753 -15.355874
64.763 -15.362180
64.773 -15.370059
64.783 -15.365797
64.793 -15.375139
64.803 -15.381251
64.813 -15.383852
64.823 -15.365823
64.833 -15.340903
64.843 -15.339165
64.854 -15.361671
64.864 -15.373861
64.874 -15.381505
64.884 -15.382385
64.894 -15.371508
64.904 -15.367347
64.914 -15.373860
64.924 -15.374733
64.934 -15.364142
64.944 -15.354129
64.954 -15.340459
64.964 -15.325182
64.974 -15.307145
64.984 -15.300467
64.994 -15.300442
65.004 -15.290921
65.014 -15.296092
65.024 -15.294362
65.034 -15.311821
65.044 -15.334621
65.054 -15.344115
65.064 -15.343693
65.074 -15.346288
65.084 -15.358942
65.094 -15.361091
65.104 -15.366724
65.114 -15.365008
65.124 -15.363663
65.134 -15.352156
65.144 -15.348590
65.154 -15.358441
65.164 -15.381571
65.174 -15.398362
65.184 -15.414156
65.195 -15.417592
65.205 -15.232977
65.215 -15.317370
65.225 -15.340800
65.235 -15.409456
65.245 -15.294435
65.255 -15.358105
65.265 -15.411936
65.275 -15.432790
65.285 -15.376338
65.295 -15.329133
65.305 -15.210835
65.315 -15.300475
65.325 -15.311917
65.335 -15.441516
65.345 -15.410405
65.355 -15.366212
65.366 -15.369124
65.376 -15.327950
65.386 -15.379992
65.396 -15.346142
65.406 -15.340634
65.416 -15.350279
65.426 -15.363274
65.436 -15.346331
65.446 -15.355473
65.456 -15.375508
65.466 -15.381740
65.476 -15.375245
65.486 -15.347365
65.496 -15.336058
65.506 -15.343264
65.516 -15.342069
65.526 -15.332547
65.536 -15.328408
65.546 -15.325901
65.556 -15.325326
65.566 -15.316962
65.576 -15.306868
65.586 -15.306361
65.596 -15.314168
65.606 -15.328488
65.616 -15.333382
65.626 -15.338501
65.636 -15.341801
65.646 -15.344093
65.656 -15.343585
65.666 -15.333168
65.676 -15.334311
65.686 -15.340883
65.696 -15.326268
65.707 -15.323832
65.717 -15.317458
65.727 -15.308523
65.737 -15.304774
65.747 -15.291041
65.757 -15.292437
65.767 -15.292725
65.777 -15.288481
65.787 -15.280171
65.797 -15.276922
65.807 -15.274074
65.817 -15.278691
65.827 -15.281992
65.837 -15.280738
65.847 -15.287828
65.857 -15.291201
65.867 -15.292902
65.878 -15.285982
65.888 -15.289965
65.898 -15.296988
65.908 -15.302935
65.918 -15.301424
65.928 -15.300005
65.938 -15.293362
65.948 -15.300209
65.958 -15.318439
65.968 -15.331472
65.978 -15.335517
65.988 -15.339828
65.998 -15.341354
66.008 -15.339381
66.018 -15.345369
66.028 -15.352337
66.038 -15.359916
66.048 -15.363296
66.058 -15.376400
66.068 -15.375221
66.078 -15.378905
66.088 -15.377202
66.098 -15.384272
66.108 -15.387618
66.118 -15.389977
66.128 -15.390463
66.138 -15.399277
66.148 -15.408679
66.158 -15.407240
66.168 -15.401772
66.178 -15.396664
66.188 -15.387255
66.198 -15.393170
66.208 -15.400713
66.219 -15.377449
66.229 -15.376437
66.239 -15.375381
66.249 -15.370579
66.259 -15.367542
66.269 -15.367308
66.279 -15.365460
66.289 -15.357335
66.299 -15.377577
66.309 -15.374401
66.319 -15.359386
66.329 -15.366327
66.339 -15.361276
66.349 -15.362629
66.359 -15.360518
66.369 -15.373265
66.379 -15.362066
66.390 -15.367945
66.400 -15.370453
66.410 -15.367550
66.420 -15.373651
66.430 -15.368611
66.440 -15.363134
66.450 -15.362185
66.460 -15.370373
66.470 -15.372655
66.480 -15.378315
66.490 -15.384615
66.500 -15.382776
66.510 -15.387675
66.520 -15.388384
66.530 -15.392791
66.540 -15.395395
66.550 -15.397215
66.560 -15.403347
66.570 -15.408456
66.580 -15.411480
66.590 -15.419460
66.600 -15.421189
66.610 -15.423037
66.620 -15.425753
66.630 -15.427948
66.640 -15.432595
66.650 -15.438082
66.660 -15.435738
66.670 -15.436778
66.680 -15.445443
66.690 -15.447333
66.700 -15.453525
66.710 -15.454816
66.720 -15.457192
66.731 -15.458935
66.741 -15.457520
66.751 -15.456853
66.761 -15.456468
66.771 -15.456336
66.781 -15.456436
66.791 -15.452717
66.801 -15.455055
66.811 -15.455708
66.821 -15.458796
66.831 -15.460265
66.841 -15.460114
66.851 -15.463206
66.861 -15.464183
66.871 -15.461194
66.881 -15.465530
66.891 -15.461392
66.902 -15.458352
66.912 -15.459947
66.922 -15.457737
66.932 -15.459395
66.942 -15.459018
66.952 -15.457633
66.962 -15.453859
66.972 -15.452670
66.982 -15.445700
66.992 -15.440567
67.002 -15.436427
67.012 -15.435726
67.022 -15.433042
67.032 -15.434649
67.042 -15.436942
67.052 -15.432204
67.062 -15.425013
67.072 -15.420252
67.082 -15.418660
67.092 -15.417131
67.102 -15.415102
67.112 -15.416261
67.122 -15.418823
67.132 -15.418807
67.142 -15.418009
67.152 -15.417481
67.162 -15.419981
67.172 -15.419524
67.182 -15.420649
67.192 -15.419593
67.202 -15.423821
67.212 -15.423516
67.222 -15.422539
67.232 -15.430978
67.243 -15.424809
67.253 -15.424782
67.263 -15.423314
67.273 -15.425799
67.283 -15.428398
67.293 -15.426320
67.303 -15.424655
67.313 -15.424145
67.323 -15.426922
67.333 -15.426239
67.343 -15.426469
67.353 -15.420614
67.363 -15.419672
67.373 -15.418509
67.383 -15.417798
67.393 -15.423386
67.403 -15.428923
67.414 -15.437554
67.424 -15.424683
67.434 -15.416624
67.444 -15.411684
67.454 -15.406398
67.464 -15.412110
67.474 -15.408160
67.484 -15.409575
67.494 -15.411590
67.504 -15.400954
67.514 -15.401183
67.524 -15.405172
67.534 -15.404398
67.544 -15.404137
67.554 -15.392934
67.564 -15.388356
67.574 -15.395385
67.584 -15.398272
67.594 -15.402820
67.604 -15.411284
67.614 -15.422711
67.624 -15.434242
67.634 -15.435378
67.644 -15.434254
67.654 -15.445674
67.664 -15.458973
67.674 -15.460589
67.684 -15.465892
67.694 -15.475132
67.704 -15.474921
67.714 -15.478508
67.724 -15.488857
67.734 -15.493507
67.744 -15.514082
67.755 -15.518657
67.765 -15.527618
67.775 -15.514379
67.785 -15.513720
67.795 -15.509642
67.805 -15.508957
67.815 -15.500268
67.825 -15.516652
67.835 -15.484478
67.845 -15.533480
67.855 -15.514780
67.865 -15.521993
67.875 -15.520413
67.885 -15.500746
67.895 -15.497198
67.905 -15.487158
67.915 -15.467435
67.926 -15.474982
67.936 -15.481067
67.946 -15.466794
67.956 -15.466322
67.966 -15.452111
67.976 -15.462955
67.986 -15.422924
67.996 -15.435059
68.006 -15.407773
68.016 -15.427702
68.026 -15.443019
68.036 -15.435301
68.046 -15.421986
68.056 -15.405835
68.066 -15.391898
68.076 -15.384730
68.086 -15.364813
68.096 -15.359257
68.106 -15.356094
68.116 -15.343871
68.126 -15.319779
68.136 -15.314345
68.146 -15.320584
68.156 -15.313837
68.166 -15.303450
68.176 -15.304892
68.186 -15.310913
68.196 -15.308886
68.206 -15.298505
68.216 -15.285419
68.226 -15.277077
68.236 -15.271559
68.246 -15.269639
68.256 -15.261477
68.267 -15.281054
68.277 -15.280261
68.287 -15.257877
68.297 -15.242262
68.307 -15.232245
68.317 -15.220464
68.327 -15.197064
68.337 -15.174590
68.347 -15.162709
68.357 -15.153701
68.367 -15.146389
68.377 -15.139063
68.387 -15.123295
68.397 -15.104600
68.407 -15.076144
68.417 -15.049702
68.427 -15.033791
68.438 -15.030491
68.448 -15.026425
68.458 -15.021446
68.468 -15.006620
68.478 -14.987128
68.488 -14.967865
68.498 -14.953995
68.508 -14.941560
68.518 -14.930817
68.528 -14.935542
68.538 -14.930922
68.548 -14.924010
68.558 -14.923458
68.568 -14.911567
68.578 -14.897766
68.588 -14.886918
68.598 -14.886919
68.608 -14.895086
68.618 -14.903021
68.628 -14.912863
68.638 -14.914111
68.648 -14.906010
68.658 -14.898448
68.668 -14.897205
68.678 -14.902844
68.688 -14.905644
68.698 -14.899713
68.708 -14.887026
68.718 -14.869499
68.728 -14.859244
68.738 -14.838423
68.748 -14.810431
68.758 -14.797570
68.768 -14.788689
68.779 -14.776189
68.789 -14.770990
68.799 -14.756068
68.809 -14.749846
68.819 -14.748711
68.829 -14.744801
68.839 -14.699671
68.849 -14.670136
68.859 -14.635872
68.869 -14.626557
68.879 -14.580849
68.889 -14.586355
68.899 -14.577169
68.909 -14.574836
68.919 -14.566651
68.929 -14.564980
68.939 -14.557069