103922
124.815 -3.103505
124.825 -3.103875
124.835 -3.104089
124.845 -3.102105
124.855 -3.102707
124.865 -3.102404
124.875 -3.104070
124.886 -3.105406
124.896 -3.104077
124.906 -3.100850
124.916 -3.098497
124.926 -3.098693
124.936 -3.100668
124.946 -3.100783
124.956 -3.101640
124.966 -3.102710
124.976 -3.104469
124.986 -3.104988
124.996 -3.105859
125.006 -3.106368
125.016 -3.106134
125.026 -3.105089
125.036 -3.104163
125.046 -3.101171
125.056 -3.106388
125.066 -3.107321
125.076 -3.106474
125.086 -3.105006
125.096 -3.102213
125.106 -3.103175
125.116 -3.104252
125.126 -3.103684
125.136 -3.103440
125.146 -3.105876
125.156 -3.107033
125.166 -3.106005
125.176 -3.107040
125.186 -3.108435
125.196 -3.109542
125.206 -3.108412
125.216 -3.109460
125.227 -3.110174
125.237 -3.110445
125.247 -3.108063
125.257 -3.107791
125.267 -3.106842
125.277 -3.107956
125.287 -3.106220
125.297 -3.107074
125.307 -3.106829
125.317 -3.106759
125.327 -3.107431
125.337 -3.107306
125.347 -3.109918
125.357 -3.111061
125.367 -3.108732
125.377 -3.109566
125.387 -3.112000
125.398 -3.101076
125.408 -3.099238
125.418 -3.106760
125.428 -3.097644
125.438 -3.106314
125.448 -3.101341
125.458 -3.109925
125.468 -3.112968
125.478 -3.113536
125.488 -3.117430
125.498 -3.119509
125.508 -3.107225
125.518 -3.112934
125.528 -3.112952
125.538 -3.115084
125.548 -3.110994
125.558 -3.111017
125.568 -3.111244
125.578 -3.112432
125.588 -3.112715
125.598 -3.115186
125.608 -3.113077
125.618 -3.114894
125.628 -3.115376
125.638 -3.114487
125.648 -3.114240
125.658 -3.114578
125.668 -3.115375
125.678 -3.114566
125.688 -3.112485
125.698 -3.113207
125.708 -3.114550
125.718 -3.114185
125.728 -3.115117
125.739 -3.116900
125.749 -3.115740
125.759 -3.115716
125.769 -3.115568
125.779 -3.114970
125.789 -3.108476
125.799 -3.114691
125.809 -3.102207
125.819 -3.105074
125.829 -3.111210
125.839 -3.103241
125.849 -3.107347
125.859 -3.091247
125.869 -3.099622
125.879 -3.096143
125.889 -3.105803
125.899 -3.107066
125.910 -3.099512
125.920 -3.094020
125.930 -3.093900
125.940 -3.095238
125.950 -3.090629
125.960 -3.077339
125.970 -3.069846
125.980 -3.061734
125.990 -3.057423
126.000 -3.048829
126.010 -3.051254
126.020 -3.049671
126.030 -3.042630
126.040 -3.036795
126.050 -3.010993
126.060 -3.000127
126.070 -2.986332
126.080 -2.998228
126.090 -2.961449
126.100 -2.966998
126.110 -2.947072
126.120 -2.931920
126.130 -2.910371
126.140 -2.917910
126.150 -2.896309
126.160 -2.879201
126.170 -2.896836
126.180 -2.873626
126.190 -2.885739
126.200 -2.843942
126.210 -2.824280
126.220 -2.806673
126.230 -2.789612
126.240 -2.759340
126.251 -2.734269
126.261 -2.724544
126.271 -2.715872
126.281 -2.686663
126.291 -2.687426
126.301 -2.683075
126.311 -2.650238
126.321 -2.642648
126.331 -2.625616
126.341 -2.584919
126.351 -2.564020
126.361 -2.528831
126.371 -2.540174
126.381 -2.494260
126.391 -2.488786
126.401 -2.485298
126.411 -2.484105
126.422 -2.447392
126.432 -2.414383
126.442 -2.410901
126.452 -2.402464
126.462 -2.360780
126.472 -2.343654
126.482 -2.304184
126.492 -2.311732
126.502 -2.294503
126.512 -2.285693
126.522 -2.262326
126.532 -2.235448
126.542 -2.223019
126.552 -2.219803
126.562 -2.209456
126.572 -2.187323
126.582 -2.182280
126.592 -2.146527
126.602 -2.125428
126.612 -2.107587
126.622 -2.069166
126.632 -2.059593
126.642 -2.055916
126.652 -2.043581
126.662 -2.040547
126.672 -2.010587
126.682 -1.983240
126.692 -1.966158
126.702 -1.957465
126.712 -1.942377
126.722 -1.929547
126.732 -1.915742
126.742 -1.913615
126.752 -1.911852
126.763 -1.900200
126.773 -1.887646
126.783 -1.884797
126.793 -1.869305
126.803 -1.856774
126.813 -1.849698
126.823 -1.839779
126.833 -1.816467
126.843 -1.814260
126.853 -1.803539
126.863 -1.802568
126.873 -1.799281
126.883 -1.799196
126.893 -1.797979
126.903 -1.798272
126.913 -1.796326
126.923 -1.795205
126.934 -1.776602
126.944 -1.765839
126.954 -1.760684
126.964 -1.742408
126.974 -1.741460
126.984 -1.734129
126.994 -1.725065
127.004 -1.724022
127.014 -1.720485
127.024 -1.715824
127.034 -1.713782
127.044 -1.706706
127.054 -1.699491
127.064 -1.680713
127.074 -1.676228
127.084 -1.670717
127.094 -1.660450
127.104 -1.660742
127.114 -1.669518
127.124 -1.671119
127.134 -1.655501
127.144 -1.646455
127.154 -1.639774
127.164 -1.638301
127.174 -1.637150
127.184 -1.628095
127.194 -1.632152
127.204 -1.631186
127.214 -1.615476
127.224 -1.602961
127.234 -1.611748
127.244 -1.598443
127.254 -1.627305
127.264 -1.599400
127.275 -1.602510
127.285 -1.629698
127.295 -1.684866
127.305 -1.648759
127.315 -1.637821
127.325 -1.691446
127.335 -1.699993
127.345 -1.709265
127.355 -1.749478
127.365 -1.737866
127.375 -1.808619
127.385 -1.819621
127.395 -1.874937
127.405 -1.903866
127.415 -1.934640
127.425 -1.958264
127.435 -2.017074
127.446 -1.983950
127.456 -2.115569
127.466 -2.178473
127.476 -2.196533
127.486 -2.224816
127.496 -2.284943
127.506 -2.497160
127.516 -2.427957
127.526 -2.392902
127.536 -2.442408
127.546 -2.469142
127.556 -2.608703
127.566 -2.681932
127.576 -2.721830
127.586 -2.732204
127.596 -2.777549
127.606 -2.801908
127.616 -2.886302
127.626 -2.900053
127.636 -2.906272
127.646 -2.962999
127.656 -3.038394
127.666 -3.045245
127.676 -3.045620
127.686 -3.115532
127.696 -3.165221
127.706 -3.150013
127.716 -3.149840
127.726 -3.233269
127.736 -3.204686
127.746 -3.212322
127.756 -3.283071
127.766 -3.382138
127.776 -3.346182
127.787 -3.400335
127.797 -3.428128
127.807 -3.428477
127.817 -3.517121
127.827 -3.528661
127.837 -3.553015
127.847 -3.567673
127.857 -3.623091
127.867 -3.649720
127.877 -3.640262
127.887 -3.689245
127.897 -3.687178
127.907 -3.714990
127.917 -3.690927
127.927 -3.714129
127.937 -3.720028
127.947 -3.738190
127.958 -3.740368
127.968 -3.748153
127.978 -3.751374
127.988 -3.764588
127.998 -3.763167
128.008 -3.768898
128.018 -3.764927
128.028 -3.757508
128.038 -3.735469
128.048 -3.702400
128.058 -3.691769
128.068 -3.683500
128.078 -3.666958
128.088 -3.672444
128.098 -3.680417
128.108 -3.680420
128.118 -3.652558
128.128 -3.633138
128.138 -3.614768
128.148 -3.579406
128.158 -3.544139
128.168 -3.516117
128.178 -3.490124
128.188 -3.471577
128.198 -3.454005
128.208 -3.391781
128.218 -3.321287
128.228 -3.355425
128.238 -3.289751
128.248 -3.233610
128.258 -3.264008
128.268 -3.268566
128.278 -3.307281
128.288 -3.268875
128.299 -3.169506
128.309 -3.173830
128.319 -3.169517
128.329 -3.192495
128.339 -3.110867
128.349 -3.124904
128.359 -3.067142
128.369 -3.066596
128.379 -3.017667
128.389 -3.053447
128.399 -3.002588
128.409 -2.998604
128.419 -2.947718
128.429 -2.959609
128.439 -2.962681
128.449 -2.948470
128.459 -2.913522
128.470 -2.924408
128.480 -2.910303
128.490 -2.871463
128.500 -2.857883
128.510 -2.857233
128.520 -2.856530
128.530 -2.870706
128.540 -2.846661
128.550 -2.803500
128.560 -2.798561
128.570 -2.787081
128.580 -2.782586
128.590 -2.785716
128.600 -2.784504
128.610 -2.802971
128.620 -2.805057
128.630 -2.829151
128.640 -2.828645
128.650 -2.827051
128.660 -2.818237
128.670 -2.830068
128.680 -2.826375
128.690 -2.824038
128.700 -2.830865
128.710 -2.834847
128.720 -2.834105
128.730 -2.836513
128.740 -2.847199
128.750 -2.869678
128.760 -2.892989
128.770 -2.905923
128.780 -2.902336
128.790 -2.936682
128.800 -2.920444
128.811 -2.968911
128.821 -2.945019
128.831 -2.974806
128.841 -2.988490
128.851 -3.003077
128.861 -3.009483
128.871 -3.021292
128.881 -3.034564
128.891 -3.057632
128.901 -3.075284
128.911 -3.079661
128.921 -3.092233
128.931 -3.116546
128.941 -3.100661
128.951 -3.149180
128.961 -3.157600
128.971 -3.160118
128.982 -3.178012
128.992 -3.204395
129.002 -3.200237
129.012 -3.223238
129.022 -3.229552
129.032 -3.238237
129.042 -3.261960
129.052 -3.255728
129.062 -3.241424
129.072 -3.249047
129.082 -3.277194
129.092 -3.289098
129.102 -3.279002
129.112 -3.291230
129.122 -3.294197
129.132 -3.292176
129.142 -3.295184
129.152 -3.302059
129.162 -3.308194
129.172 -3.313337
129.182 -3.317662
129.192 -3.328062
129.202 -3.327702
129.212 -3.323260
129.222 -3.314505
129.232 -3.313059
129.242 -3.311030
129.252 -3.309033
129.262 -3.307673
129.272 -3.303781
129.282 -3.304571
129.292 -3.297601
129.302 -3.298959
129.312 -3.295825
129.323 -3.288818
129.333 -3.290106
129.343 -3.279153
129.353 -3.277388
129.363 -3.264489
129.373 -3.253689
129.383 -3.244424
129.393 -3.248668
129.403 -3.246139
129.413 -3.238858
129.423 -3.231965
129.433 -3.221860
129.443 -3.207396
129.453 -3.195966
129.463 -3.188916
129.473 -3.186106
129.483 -3.179846
129.494 -3.168042
129.504 -3.161139
129.514 -3.152201
129.524 -3.137368
129.534 -3.127534
129.544 -3.122986
129.554 -3.117373
129.564 -3.111461
129.574 -3.102387
129.584 -3.094929
129.594 -3.090789
129.604 -3.080318
129.614 -3.082401
129.624 -3.064524
129.634 -3.055437
129.644 -3.052059
129.654 -3.050040
129.664 -3.044616
129.674 -3.039710
129.684 -3.038257
129.694 -3.039251
129.704 -3.035017
129.714 -3.036679
129.724 -3.034198
129.734 -3.054861
129.744 -3.028690
129.754 -3.027521
129.764 -3.037425
129.774 -3.033435
129.784 -3.029155
129.794 -3.030023
129.804 -3.032218
129.814 -3.029594
129.824 -3.034086
129.835 -3.033823
129.845 -3.032399
129.855 -3.037994
129.865 -3.042616
129.875 -3.041963
129.885 -3.040298
129.895 -3.043722
129.905 -3.037422
129.915 -3.060298
129.925 -3.065191
129.935 -3.081351
129.945 -3.110702
129.955 -3.097005
129.965 -3.084102
129.975 -3.088980
129.985 -3.094950
129.995 -3.101138
130.006 -3.105953
130.016 -3.103878
130.026 -3.113828
130.036 -3.123176
130.046 -3.131235
130.056 -3.135317
130.066 -3.138508
130.076 -3.146816
130.086 -3.154036
130.096 -3.154292
130.106 -3.157742
130.116 -3.164504
130.126 -3.177714
130.136 -3.182799
130.146 -3.185346
130.156 -3.191945
130.166 -3.194898
130.176 -3.195520
130.186 -3.199404
130.196 -3.204783
130.206 -3.205890
130.216 -3.209002
130.226 -3.209969
130.236 -3.214167
130.246 -3.220042
130.256 -3.226208
130.266 -3.228055
130.276 -3.228915
130.286 -3.231046
130.296 -3.232003
130.306 -3.233602
130.316 -3.227166
130.326 -3.227647
130.336 -3.225252
130.347 -3.226083
130.357 -3.224763
130.367 -3.226577
130.377 -3.227251
130.387 -3.229058
130.397 -3.226008
130.407 -3.223470
130.417 -3.223066
130.427 -3.223710
130.437 -3.221645
130.447 -3.231167
130.457 -3.225117
130.467 -3.212673
130.477 -3.215195
130.487 -3.206657
130.497 -3.202108
130.507 -3.196404
130.518 -3.189145
130.528 -3.176246
130.538 -3.174837
130.548 -3.189815
130.558 -3.186948
130.568 -3.189278
130.578 -3.186281
130.588 -3.178699
130.598 -3.176814
130.608 -3.173561
130.618 -3.167181
130.628 -3.163468
130.638 -3.159554
130.648 -3.160531
130.658 -3.156785
130.668 -3.154627
130.678 -3.156402
130.688 -3.150595
130.698 -3.148057
130.708 -3.144449
130.718 -3.139497
130.728 -3.134070
130.738 -3.132207
130.748 -3.133244
130.758 -3.131176
130.768 -3.131069
130.778 -3.130961
130.788 -3.131169
130.798 -3.132136
130.808 -3.132066
130.818 -3.131807
130.828 -3.128594
130.838 -3.130556
130.848 -3.129147
130.859 -3.130726
130.869 -3.130153
130.879 -3.130562
130.889 -3.136187
130.899 -3.135273
130.909 -3.131687
130.919 -3.133021
130.929 -3.135329
130.939 -3.129622
130.949 -3.133996
130.959 -3.133057
130.969 -3.131172
130.979 -3.133536
130.989 -3.132616
130.999 -3.134764
131.009 -3.130743
131.019 -3.135856
131.030 -3.151494
131.040 -3.146268
131.050 -3.150081
131.060 -3.154608
131.070 -3.155983
131.080 -3.152164
131.090 -3.152452
131.100 -3.151349
131.110 -3.151937
131.120 -3.149642
131.130 -3.159461
131.140 -3.146679
131.150 -3.156568
131.160 -3.167715
131.170 -3.179677
131.180 -3.171500
131.190 -3.169585
131.200 -3.171811
131.210 -3.170892
131.220 -3.172997
131.230 -3.175225
131.240 -3.177380
131.250 -3.178897
131.260 -3.181040
131.270 -3.177106
131.280 -3.176987
131.290 -3.176828
131.300 -3.179255
131.310 -3.177695
131.320 -3.175829
131.330 -3.180268
131.340 -3.180390
131.350 -3.180255
131.360 -3.180450
131.371 -3.180602
131.381 -3.180500
131.391 -3.181299
131.401 -3.183967
131.411 -3.182506
131.421 -3.179807
131.431 -3.181307
131.441 -3.180958
131.451 -3.180092
131.461 -3.178865
131.471 -3.178571
131.481 -3.176049
131.491 -3.174495
131.501 -3.178418
131.511 -3.179045
131.521 -3.181004
131.531 -3.175985
131.542 -3.170542
131.552 -3.174282
131.562 -3.171510
131.572 -3.166818
131.582 -3.168500
131.592 -3.168749
131.602 -3.164839
131.612 -3.162348
131.622 -3.163540
131.632 -3.164644
131.642 -3.161563
131.652 -3.162998
131.662 -3.162336
131.672 -3.159576
131.682 -3.160600
131.692 -3.156045
131.702 -3.156607
131.712 -3.160570
131.722 -3.164966
131.732 -3.161015
131.742 -3.158407
131.752 -3.156606
131.762 -3.155218
131.772 -3.154630
131.782 -3.154138
131.792 -3.155945
131.802 -3.156775
131.812 -3.159505
131.822 -3.157780
131.832 -3.159556
131.842 -3.157155
131.852 -3.158063
131.862 -3.157060
131.872 -3.155267
131.883 -3.156722
131.893 -3.154276
131.903 -3.155246
131.913 -3.151836
131.923 -3.156188
131.933 -3.156195
131.943 -3.159601
131.953 -3.163192
131.963 -3.163001
131.973 -3.163404
131.983 -3.160735
131.993 -3.159652
132.003 -3.158047
132.013 -3.160172
132.023 -3.163214
132.033 -3.162043
132.043 -3.162143
132.054 -3.160561
132.064 -3.160372
132.074 -3.159121
132.084 -3.164013
132.094 -3.162034
132.104 -3.164848
132.114 -3.166827
132.124 -3.168108
132.134 -3.168121
132.144 -3.169302
132.154 -3.169913
132.164 -3.168161
132.174 -3.167899
132.184 -3.170406
132.194 -3.172450
132.204 -3.175376
132.214 -3.178038
132.224 -3.176745
132.234 -3.173618
132.244 -3.171981
132.254 -3.174343
132.264 -3.174340
132.274 -3.173589
132.284 -3.175818
132.294 -3.180993
132.304 -3.177125
132.314 -3.176161
132.324 -3.175835
132.334 -3.178822
132.344 -3.180508
132.354 -3.179491
132.364 -3.179832
132.374 -3.178630
132.384 -3.177037
132.395 -3.174666
132.405 -3.178108
132.415 -3.180615
132.425 -3.177995
132.435 -3.178027
132.445 -3.179379
132.455 -3.178415
132.465 -3.179100
132.475 -3.177814
132.485 -3.179901
132.495 -3.180533
132.505 -3.178272
132.515 -3.174818
132.525 -3.173572
132.535 -3.174318
132.545 -3.176579
132.555 -3.176051
132.566 -3.179332
132.576 -3.179064
132.586 -3.177974
132.596 -3.176994
132.606 -3.176481
132.616 -3.177857
132.626 -3.178100
132.636 -3.181291
132.646 -3.183432
132.656 -3.177285
132.666 -3.175634
132.676 -3.175297
132.686 -3.175861
132.696 -3.176958
132.706 -3.178766
132.716 -3.178139
132.726 -3.179320
132.736 -3.178602
132.746 -3.175160
132.756 -3.175810
132.766 -3.176845
132.776 -3.180032
132.786 -3.181550
132.796 -3.182892
132.806 -3.181982
132.816 -3.180640
132.826 -3.182295
132.836 -3.180191
132.846 -3.177640
132.856 -3.178607
132.866 -3.179864
132.876 -3.178491
132.886 -3.178397
132.896 -3.177718
132.907 -3.176841
132.917 -3.175268
132.927 -3.178365
132.937 -3.177899
132.947 -3.179206
132.957 -3.184643
132.967 -3.184219
132.977 -3.184441
132.987 -3.179500
132.997 -3.180000
133.007 -3.181121
133.017 -3.180239
133.027 -3.184653
133.037 -3.185932
133.047 -3.184600
133.057 -3.182788
133.067 -3.182265
133.078 -3.178280
133.088 -3.178260
133.098 -3.176481
133.108 -3.178483
133.118 -3.178890
133.128 -3.178893
133.138 -3.177195
133.148 -3.179775
133.158 -3.181572
133.168 -3.181380
133.178 -3.181797
133.188 -3.186120
133.198 -3.184990
133.208 -3.183081
133.218 -3.183971
133.228 -3.184531
133.238 -3.184179
133.248 -3.187970
133.258 -3.191553
133.268 -3.191804
133.278 -3.191076
133.288 -3.187891
133.298 -3.184976
133.308 -3.183526
133.318 -3.182188
133.328 -3.160743
133.338 -3.162131
133.348 -3.170391
133.358 -3.165012
133.368 -3.167874
133.378 -3.172521
133.388 -3.177902
133.398 -3.184709
133.408 -3.183946
133.419 -3.186997
133.429 -3.184882
133.439 -3.186924
133.449 -3.187968
133.459 -3.193084
133.469 -3.192011
133.479 -3.188876
133.489 -3.186300
133.499 -3.189372
133.509 -3.187357
133.519 -3.187396
133.529 -3.184401
133.539 -3.186236
133.549 -3.186773
133.559 -3.189150
133.569 -3.189202
133.579 -3.191693
133.590 -3.196876
133.600 -3.197140
133.610 -3.198412
133.620 -3.194589
133.630 -3.186392
133.640 -3.181884
133.650 -3.181633
133.660 -3.182862
133.670 -3.182667
133.680 -3.185673
133.690 -3.179445
133.700 -3.179636
133.710 -3.179324
133.720 -3.173151
133.730 -3.175634
133.740 -3.180035
133.750 -3.182429
133.760 -3.184812
133.770 -3.187040
133.780 -3.185214
133.790 -3.185797
133.800 -3.183386
133.810 -3.185268
133.820 -3.184600
133.830 -3.182147
133.840 -3.183282
133.850 -3.181183
133.860 -3.181070
133.870 -3.182999
133.880 -3.180681
133.890 -3.178964
133.900 -3.178462
133.910 -3.174592
133.920 -3.179755
133.931 -3.172744
133.941 -3.170457
133.951 -3.176736
133.961 -3.175164
133.971 -3.175753
133.981 -3.170670
133.991 -3.171078
134.001 -3.169296
134.011 -3.167393
134.021 -3.170126
134.031 -3.170279
134.041 -3.169544
134.051 -3.175040
134.061 -3.174351
134.071 -3.175438
134.081 -3.174297
134.091 -3.174285
134.102 -3.175632
134.112 -3.170013
134.122 -3.166538
134.132 -3.162426
134.142 -3.162772
134.152 -3.159726
134.162 -3.160860
134.172 -3.167039
134.182 -3.170989
134.192 -3.170970
134.202 -3.172591
134.212 -3.170086
134.222 -3.173394
134.232 -3.177325
134.242 -3.171853
134.252 -3.170312
134.262 -3.174687
134.272 -3.178773
134.282 -3.179028
134.292 -3.183452
134.302 -3.187958
134.312 -3.186156
134.322 -3.185314
134.332 -3.189573
134.342 -3.191411
134.352 -3.190726
134.362 -3.189209
134.372 -3.183880
134.382 -3.183473
134.392 -3.188704
134.402 -3.191690
134.412 -3.189416
134.422 -3.187390
134.432 -3.188848
134.443 -3.186197
134.453 -3.179862
134.463 -3.175139
134.473 -3.178265
134.483 -3.184361
134.493 -3.187993
134.503 -3.189548
134.513 -3.193933
134.523 -3.193905
134.533 -3.188142
134.543 -3.180910
134.553 -3.179402
134.563 -3.181533
134.573 -3.184998
134.583 -3.186196
134.593 -3.184415
134.603 -3.180693
134.614 -3.181097
134.624 -3.182404
134.634 -3.181295
134.644 -3.182667
134.654 -3.189506
134.664 -3.192920
134.674 -3.190873
134.684 -3.193132
134.694 -3.191427
134.704 -3.193464
134.714 -3.199889
134.724 -3.194726
134.734 -3.188606
134.744 -3.183227
134.754 -3.181281
134.764 -3.177803
134.774 -3.179767
134.784 -3.177872
134.794 -3.180703
134.804 -3.180276
134.814 -3.179067
134.824 -3.177428
134.834 -3.174865
134.844 -3.173208
134.854 -3.180138
134.864 -3.182504
134.874 -3.184594
134.884 -3.185693
134.894 -3.183825
134.904 -3.176012
134.914 -3.170866
134.924 -3.170011
134.934 -3.169278
134.944 -3.174874
134.955 -3.179022
134.965 -3.176677
134.975 -3.174485
134.985 -3.173214
134.995 -3.173292
135.005 -3.170907
135.015 -3.167568
135.025 -3.168105
135.035 -3.168673
135.045 -3.169750
135.055 -3.174780
135.065 -3.176307
135.075 -3.172215
135.085 -3.177380
135.095 -3.178579
135.105 -3.184537
135.115 -3.182871
135.126 -3.178915
135.136 -3.181114
135.146 -3.183129
135.156 -3.189959
135.166 -3.191131
135.176 -3.190520
135.186 -3.189611
135.196 -3.189491
135.206 -3.186725
135.216 -3.181969
135.226 -3.179324
135.236 -3.180370
135.246 -3.179913
135.256 -3.179338
135.266 -3.183244
135.276 -3.185088
135.286 -3.185733
135.296 -3.188284
135.306 -3.186126
135.316 -3.184102
135.326 -3.182946
135.336 -3.182422
135.346 -3.183898
135.356 -3.183889
135.366 -3.183065
135.376 -3.184859
135.386 -3.184161
135.396 -3.181687
135.406 -3.182799
135.416 -3.179520
135.426 -3.179410
135.436 -3.182378
135.446 -3.183063
135.456 -3.182379
135.467 -3.182845
135.477 -3.183032
135.487 -3.184760
135.497 -3.182435
135.507 -3.184204
135.517 -3.182391
135.527 -3.181860
135.537 -3.182613
135.547 -3.182278
135.557 -3.184625
135.567 -3.187686
135.577 -3.187159
135.587 -3.186949
135.597 -3.185832
135.607 -3.185297
135.617 -3.185643
135.627 -3.186799
135.638 -3.184582
135.648 -3.187956
135.658 -3.187633
135.668 -3.188714
135.678 -3.190461
135.688 -3.188271
135.698 -3.188720
135.708 -3.189884
135.718 -3.188730
135.728 -3.189009
135.738 -3.190989
135.748 -3.189672
135.758 -3.189690
135.768 -3.192783
135.778 -3.196139
135.788 -3.194814
135.798 -3.195913
135.808 -3.194287
135.818 -3.190720
135.828 -3.186454
135.838 -3.186957
135.848 -3.189149
135.858 -3.190833
135.868 -3.191663
135.878 -3.191165
135.888 -3.191096
135.898 -3.190012
135.908 -3.190624
135.918 -3.188529
135.928 -3.196973
135.938 -3.198635
135.948 -3.188641
135.958 -3.207308
135.968 -3.199495
135.979 -3.195769
135.989 -3.195900
135.999 -3.199362
136.009 -3.200909
136.019 -3.199489
136.029 -3.198395
136.039 -3.198029
136.049 -3.196583
136.059 -3.193560
136.069 -3.195455
136.079 -3.190460
136.089 -3.184712
136.099 -3.182234
136.109 -3.183000
136.119 -3.184371
136.129 -3.181349
136.139 -3.191394
136.150 -3.179940
136.160 -3.183655
136.170 -3.193339
136.180 -3.191518
136.190 -3.212253
136.200 -3.215636
136.210 -3.217860
136.220 -3.205560
136.230 -3.200204
136.240 -3.178928
136.250 -3.181248
136.260 -3.180449
136.270 -3.162432
136.280 -3.177859
136.290 -3.187801
136.300 -3.205936
136.310 -3.212376
136.320 -3.236636
136.330 -3.242442
136.340 -3.215958
136.350 -3.232744
136.360 -3.301830
136.370 -3.332041
136.380 -3.280408
136.390 -3.259264
136.400 -3.254696
136.410 -3.304796
136.420 -3.328529
136.430 -3.315130
136.440 -3.293706
136.450 -3.261152
136.460 -3.237496
136.470 -3.236032
136.480 -3.217406
136.491 -3.171978
136.501 -3.130740
136.511 -3.121235
136.521 -3.135691
136.531 -3.153315
136.541 -3.172866
136.551 -3.215308
136.561 -3.261522
136.571 -3.243132
136.581 -3.284855
136.591 -3.326289
136.601 -3.354384
136.611 -3.453234
136.621 -3.513786
136.631 -3.535837
136.641 -3.534554
136.651 -3.539017
136.662 -3.559062
136.672 -3.598582
136.682 -3.640234
136.692 -3.682175
136.702 -3.672371
136.712 -3.606086
136.722 -3.534283
136.732 -3.482941
136.742 -3.426868
136.752 -3.378318
136.762 -3.339002
136.772 -3.320602
136.782 -3.312749
136.792 -3.316813
136.802 -3.338933
136.812 -3.385342
136.822 -3.417549
136.832 -3.419864
136.842 -3.350441
136.852 -2.994705
136.862 -3.025851
136.872 -3.066732
136.882 -2.976270
136.892 -2.869213
136.902 -2.885418
136.912 -3.124444
136.922 -3.465788
136.932 -3.464284
136.942 -3.310383
136.952 -3.173326
136.962 -3.153560
136.972 -3.140816
136.982 -3.126528
136.992 -3.110186
137.003 -3.094644
137.013 -3.099257
137.023 -3.140442
137.033 -3.160842
137.043 -3.198539
137.053 -3.244302
137.063 -3.277369
137.073 -3.256828
137.083 -3.190553
137.093 -3.154158
137.103 -3.154945
137.113 -3.126196
137.123 -3.109730
137.133 -3.112709
137.143 -3.131891
137.153 -3.109012
137.163 -3.091800
137.174 -3.189354
137.184 -3.192291
137.194 -3.277759
137.204 -3.407868
137.214 -3.492095
137.224 -3.568679
137.234 -3.506353
137.244 -3.419799
137.254 -3.438623
137.264 -3.515826
137.274 -3.546850
137.284 -3.547560
137.294 -3.537590
137.304 -3.521348
137.314 -3.498162
137.324 -3.451189
137.334 -3.501271
137.344 -3.656394
137.354 -3.779044
137.364 -3.806436
137.374 -3.769223
137.384 -3.723358
137.394 -3.689595
137.404 -3.613749
137.414 -3.668348
137.424 -3.795529
137.434 -3.867022
137.444 -3.914305
137.454 -3.946187
137.464 -3.957504
137.474 -3.953927
137.484 -3.940096
137.494 -3.962662
137.504 -3.971895
137.515 -4.002173
137.525 -4.059783
137.535 -4.131521
137.545 -4.177830
137.555 -4.216647
137.565 -4.225397
137.575 -4.251362
137.585 -4.283633
137.595 -4.328711
137.605 -4.343312
137.615 -4.368400
137.625 -4.371360
137.635 -4.392406
137.645 -4.429249
137.655 -4.458743
137.665 -4.470521
137.675 -4.477860
137.686 -4.493063
137.696 -4.508574
137.706 -4.535632
137.716 -4.563316
137.726 -4.577884
137.736 -4.595317
137.746 -4.612578
137.756 -4.656112
137.766 -4.668215
