163.320 -20.630449
163.330 -20.629455
163.340 -20.628665
163.350 -20.629587
163.360 -20.631408
163.371 -20.630088
163.381 -20.630886
163.391 -20.630048
163.401 -20.631015
163.411 -20.630100
163.421 -20.631679
163.431 -20.632396
163.441 -20.632474
163.451 -20.633924
163.461 -20.635969
163.471 -20.638597
163.481 -20.638214
163.491 -20.638046
163.501 -20.637371
163.511 -20.638484
163.521 -20.639554
163.531 -20.640987
163.542 -20.640222
163.552 -20.639228
163.562 -20.646657
163.572 -20.647125
163.582 -20.649990
163.592 -20.654375
163.602 -20.655101
163.612 -20.653770
163.622 -20.656051
163.632 -20.660007
163.642 -20.656705
163.652 -20.658241
163.662 -20.652965
163.672 -20.655286
163.682 -20.649160
163.692 -20.643276
163.702 -20.643253
163.712 -20.637186
163.722 -20.624620
163.732 -20.604080
163.742 -20.594873
163.752 -20.584396
163.762 -20.585592
163.772 -20.591274
163.782 -20.610589
163.792 -20.632747
163.802 -20.645053
163.812 -20.642631
163.822 -20.647712
163.832 -20.635457
163.842 -20.620225
163.852 -20.606061
163.862 -20.605577
163.872 -20.616170
163.883 -20.624792
14.587 43.282073
14.597 43.306167
14.607 43.326599
14.617 43.338775
14.627 43.329689
14.637 43.309318
14.647 43.299972
14.657 43.292648
14.667 43.290016
14.678 43.308082
14.688 43.320518
14.698 43.338180
14.708 43.333404
14.718 43.328220
14.728 43.325935
14.738 43.330818
14.748 43.338146
14.758 43.356269
14.768 43.366180
14.778 43.371566
14.788 43.373989
14.798 43.379096
14.808 43.392345
14.818 43.416954
14.828 43.456340
14.838 43.466358
14.848 43.474857
14.858 43.490192
14.868 43.478530
14.878 43.463973
14.888 48.466365
14.898 48.468971
14.908 48.478706
14.918 48.512229
14.928 48.522239
14.938 48.529125
14.948 48.537761
14.958 48.567443
14.968 48.578155
14.978 48.598388
14.988 48.600872
14.998 48.596481
15.008 48.593132
15.019 48.563442
15.029 48.560207
15.039 48.566658
15.049 48.577419
15.059 48.601821
15.069 48.620441
15.079 48.628997
15.089 48.617321
15.099 48.600257
15.109 48.602138
15.119 48.606204
15.129 48.616836
15.139 48.621383
15.149 48.632049
15.159 48.635086
15.169 48.642284
15.179 48.654106
15.190 48.662429
15.200 48.661491
15.210 48.656791
15.220 48.658798
15.230 48.667503
15.240 48.685249
15.250 48.697010
15.260 48.703330
15.270 48.714637
15.280 48.721885
15.290 48.732440
15.300 48.733078
15.310 48.731182
15.320 48.740119
15.330 48.751419
15.340 48.774150
15.350 48.779178
15.360 48.783760
15.370 48.787639
15.380 48.795242
15.390 48.799068
15.400 48.796592
15.410 48.785858
15.420 48.772087
15.430 48.776115
15.440 48.819473
15.450 48.867332
15.460 48.894828
15.470 48.896881
15.480 48.903209
15.490 48.895122
15.500 48.887386
15.510 48.879173
15.520 48.871765
15.531 48.872005
15.541 48.873905
15.551 48.895183
15.561 48.909313
15.571 48.908946
15.581 48.903209
15.591 48.910049
15.601 48.926109
15.611 48.947883
15.621 48.959403
15.631 48.951412
15.641 48.941677
15.651 48.928405
15.661 48.925399
15.671 48.919151
15.681 48.930885
15.691 48.947616
15.702 48.961696
15.712 48.977355
15.722 48.986343
15.732 48.979949
15.742 48.972305
15.752 48.963714
15.762 48.957843
15.772 48.959480
15.782 48.975570
15.792 48.996505
15.802 49.016288
15.812 49.037532
15.822 49.043605
15.832 49.057270
15.842 49.059387
15.852 49.029502
15.862 49.047569
15.872 49.056606
15.882 49.073036
15.892 49.090793
15.902 49.091033
15.912 49.094917
15.922 49.085002
15.932 49.098522
15.942 49.114902
15.952 49.123470
15.962 49.118694
15.972 49.120819
15.982 49.130126
15.992 49.124530
16.002 49.125587
16.012 49.141258
16.022 49.144897
16.032 49.138088
16.043 49.142593
16.053 49.146736
16.063 49.166732
16.073 49.180332
16.083 49.201362
16.093 49.188011
16.103 49.183002
16.113 49.190505
16.123 49.215671
16.133 49.231037
16.143 49.248695
16.153 49.259983
16.163 49.267517
16.173 49.272953
16.183 49.260646
16.193 49.253452
16.203 49.253227
16.214 49.254592
16.224 49.271270
16.234 49.293045
16.244 49.307044
16.254 49.325447
16.264 49.331363
16.274 49.327331
16.284 49.324790
16.294 49.330600
16.304 49.335739
14.678 -2.906489
14.688 -2.905957
14.698 -2.909448
14.708 -2.916068
14.718 -2.934632
14.728 -2.949316
14.738 -2.980475
14.748 -2.995834
14.758 -2.991466
14.768 -2.986414
14.778 -2.984016
14.788 -2.987538
14.798 -2.985986
14.808 -2.987056
14.818 -2.984469
14.828 -2.975306
14.838 -2.967855
14.848 -2.963486
14.858 -2.949558
14.868 -2.931396
14.878 -2.926788
14.888 -2.926614
14.898 -2.923169
14.908 -2.920842
14.918 -2.923101
14.928 -2.921371
14.938 -2.922219
14.948 -2.924432
14.958 -2.927897
14.968 -2.934481
14.978 -2.937699
14.988 -2.949432
14.998 -2.958972
15.008 -2.964251
15.019 -2.969537
15.029 -2.972447
15.039 -2.977281
15.049 -2.972056
15.059 -2.981174
15.069 -2.981121
15.079 -2.982752
15.089 -2.983906
15.099 -2.986623
15.109 -2.986608
15.119 -2.987327
15.129 -2.989217
15.139 -2.992611
15.149 -2.997283
15.159 -3.001765
15.169 -3.008616
15.179 -3.020387
15.190 -3.030786
15.200 -3.039195
15.210 -3.040443
15.220 -3.041325
15.230 -3.039555
15.240 -3.036548
15.250 -3.034428
15.260 -3.036130
15.270 -3.042313
15.280 -3.049864
15.290 -3.059082
15.300 -3.064240
15.310 -3.067647
15.320 -3.070421
15.330 -3.073002
15.340 -3.077231
15.350 -3.082744
15.360 -3.083288
15.370 -3.079236
15.380 -3.072290
15.390 -3.068958
15.400 -3.065009
15.410 -3.060993
15.420 -3.057135
15.430 -3.053538
15.440 -3.059252
15.450 -3.061671
15.460 -3.062172
15.470 -3.051634
15.480 -3.043036
15.490 -3.039905
15.500 -3.038144
15.510 -3.039019
15.520 -3.034807
15.531 -3.033320
15.541 -3.032693
15.551 -3.033783
15.561 -3.039310
15.571 -3.042585
15.581 -3.045671
15.591 -3.056849
15.601 -3.063570
15.611 -3.071591
15.621 -3.082994
15.631 -3.085002
15.641 -3.084823
15.651 -3.091252
15.661 -3.082206
15.671 -3.077222
15.681 -3.072842
15.691 -3.079389
15.702 -3.073022
15.712 -3.061217
15.722 -3.061138
15.732 -3.064408
15.742 -3.066443
15.752 -3.064863
15.762 -3.062314
15.772 -3.059440
15.782 -3.061455
15.792 -3.057689
15.802 -3.053934
15.812 -3.055953
15.822 -3.054593
15.832 -3.050996
15.842 -3.049009
15.852 -3.048516
15.862 -3.046390
15.872 -3.045779
15.882 -3.045063
15.892 -3.046145
15.902 -3.046253
15.912 -3.044066
15.922 -3.039501
15.932 -3.034441
15.942 -3.032041
15.952 -3.027458
15.962 -3.024760
15.972 -3.021414
15.982 -3.017622
15.992 -2.996625
16.002 -3.046377
16.012 -3.013969
16.022 -3.010905
16.032 -3.010505
16.043 -3.001649
16.053 -3.012797
16.063 -3.002542
16.073 -2.995667
16.083 -2.999682
16.093 -2.993000
16.103 -2.999356
16.113 -3.000599
16.123 -2.998603
16.133 -3.005192
16.143 -2.995758
16.153 -2.991122
16.163 -2.996881
16.173 -2.985206
16.183 -2.986432
16.193 -2.985904
16.203 -2.983234
16.214 -2.988207
16.224 -2.986050
16.234 -2.992875
16.244 -2.985526
16.254 -2.984281
16.264 -2.988513
16.274 -2.980690
16.284 -2.987727
16.294 -2.989362
16.304 -2.989663
16.314 -2.988518
16.324 -2.988572
16.334 -3.027466
16.344 -3.015578
16.354 -2.992562
16.364 -2.992356
16.374 -2.989599
16.384 -2.970807
16.394 -2.982958
16.404 -2.993033
16.414 -2.992881
16.424 -2.992220
16.434 -2.994713
16.444 -3.014233
16.454 -2.991386
16.464 -2.987682
16.474 -3.018604
16.484 -3.001070
16.494 -2.999943
16.504 -3.008609
16.514 -3.003160
16.524 -3.028877
16.534 -3.007625
16.544 -3.004384
16.555 -3.014831
16.565 -3.013575
16.575 -3.006810
16.585 -3.010073
16.595 -3.001476
16.605 -3.006955
16.615 -3.003124
16.625 -2.999640
16.635 -3.006197
16.645 -3.001927
16.655 -3.005676
16.665 -3.038623
16.675 -3.032008
16.685 -3.036819
16.695 -3.028185
16.705 -3.021842
16.715 -3.025936
16.726 -3.023082
16.736 -3.034336
16.746 -3.034612
16.756 -3.031497
16.766 -3.033817
16.776 -2.997867
16.786 -3.006767
16.796 -3.021978
16.806 -3.031933
16.816 -3.034969
16.826 -3.032038
16.836 -3.030074
16.846 -3.032363
16.856 -3.030870
16.866 -3.025774
16.876 -3.029141
16.886 -3.031375
16.896 -3.027324
16.906 -3.026037
16.916 -3.019701
16.926 -3.014976
16.936 -3.015228
16.946 -3.025118
16.956 -3.026545
16.966 -3.028411
16.976 -3.031991
16.986 -3.035084
16.996 -3.033555
17.006 -3.037087
17.016 -3.040822
17.026 -3.038679
17.036 -3.034623
17.046 -3.029364
17.056 -3.036691
17.067 -3.049023
17.077 -3.064210
17.087 -3.068770
17.097 -3.084641
17.107 -3.081260
17.117 -3.084403
17.127 -3.092259
17.137 -3.103758
17.147 -3.112262
17.157 -3.113606
17.167 -3.121079
17.177 -3.133820
17.187 -3.142174
17.197 -3.147619
17.207 -3.143339
17.217 -3.132470
17.227 -3.150542
17.238 -3.156758
17.248 -3.172411
17.258 -3.180258
17.268 -3.192628
17.278 -3.198263
17.288 -3.207053
17.298 -3.213352
17.308 -3.220600
17.318 -3.228039
17.328 -3.244011
17.338 -3.251035
17.348 -3.250294
17.358 -3.246207
17.368 -3.244171
17.378 -3.242296
17.388 -3.242234
17.398 -3.241215
17.408 -3.252956
17.418 -3.264775
17.428 -3.275729
17.438 -3.284763
17.448 -3.289919
17.458 -3.295402
17.468 -3.297872
17.478 -3.303110
17.488 -3.314060
17.498 -3.318226
17.508 -3.327692
17.518 -3.353802
17.528 -3.394560
17.538 -3.449949
17.548 -3.500568
17.558 -3.510393
17.568 -3.538917
17.579 -3.552876
17.589 -3.567922
17.599 -3.593118
17.609 -3.592923
17.619 -3.569019
17.629 -3.567823
17.639 -3.564119
17.649 -3.558533
17.659 -3.559203
17.669 -3.557823
17.679 -3.548882
17.689 -3.579450
17.699 -3.560825
17.709 -3.553431
17.719 -3.549183
17.729 -3.514725
17.739 -3.517229
17.750 -3.505616
17.760 -3.505298
17.770 -3.496917
17.780 -3.493083
17.790 -3.495182
17.800 -3.497847
17.810 -3.476671
17.820 -3.459778
17.830 -3.448977
17.840 -3.448203
17.850 -3.448728
17.860 -3.450503
17.870 -3.447921
17.880 -3.441120
17.890 -3.441108
17.900 -3.437859
17.910 -3.432808
17.920 -3.428593
17.930 -3.419102
17.940 -3.410868
17.950 -3.401875
17.960 -3.391578
17.970 -3.389023
17.980 -3.390233
17.990 -3.393104
18.000 -3.389712
18.010 -3.381839
18.020 -3.381273
18.030 -3.377828
18.040 -3.372936
18.050 -3.364996
18.060 -3.361300
18.070 -3.357752
18.080 -3.367937
18.091 -3.373946
18.101 -3.370870
18.111 -3.376581
18.121 -3.378185
18.131 -3.375746
18.141 -3.369800
18.151 -3.373337
18.161 -3.372370
18.171 -3.369621
18.181 -3.370549
18.191 -3.375817
18.201 -3.377684
18.211 -3.374959
18.221 -3.372642
18.231 -3.376268
18.241 -3.371325
18.251 -3.362878
18.262 -3.370163
18.272 -3.369705
18.282 -3.366125
18.292 -3.364174
18.302 -3.355800
18.312 -3.357221
18.322 -3.347845
18.332 -3.341489
18.342 -3.341562
18.352 -3.341722
18.362 -3.350811
18.372 -3.352704
18.382 -3.352434
18.392 -3.338899
18.402 -3.340662
18.412 -3.332820
18.422 -3.338822
18.432 -3.322041
18.442 -3.336293
18.452 -3.322890
18.462 -3.318339
18.472 -3.309929
18.482 -3.304232
18.492 -3.302542
18.502 -3.297172
18.512 -3.302546
18.522 -3.291841
18.532 -3.283138
18.542 -3.281395
18.552 -3.276647
18.562 -3.280640
18.572 -3.279094
18.582 -3.279826
18.592 -3.274255
18.603 -3.271989
18.613 -3.272548
18.623 -3.275259
18.633 -3.288511
18.643 -3.291755
18.653 -3.294665
18.663 -3.293735
18.673 -3.291400
18.683 -3.291884
18.693 -3.292429
18.703 -3.289263
18.713 -3.294399
18.723 -3.305514
18.733 -3.317025
18.743 -3.319888
18.753 -3.326820
18.763 -3.337244
18.774 -3.332024
18.784 -3.332537
18.794 -3.336822
18.804 -3.338260
18.814 -3.341794
18.824 -3.341962
18.834 -3.339411
18.844 -3.335722
18.854 -3.335166
18.864 -3.339190
18.874 -3.340730
18.884 -3.338352
18.894 -3.327385
18.904 -3.318665
18.914 -3.310034
18.924 -3.308363
18.934 -3.309618
18.944 -3.309760
18.954 -3.314627
18.964 -3.317188
18.974 -3.320119
18.984 -3.318780
18.994 -3.315088
19.004 -3.313768
19.014 -3.308990
19.024 -3.308773
19.034 -3.312449
19.044 -3.310170
19.054 -3.310033
19.064 -3.306283
19.074 -3.304966
19.084 -3.305493
19.094 -3.306090
19.104 -3.308212
19.115 -3.310886
19.125 -3.313947
19.135 -3.312258
19.145 -3.309882
19.155 -3.310008
19.165 -3.311216
19.175 -3.310917
19.185 -3.311622
19.195 -3.313091
19.205 -3.314097
19.215 -3.314667
19.225 -3.309700
19.235 -3.306596
19.245 -3.305136
19.255 -3.303428
19.265 -3.309201
19.275 -3.304746
19.286 -3.299113
19.296 -3.298287
19.306 -3.297906
19.316 -3.298811
19.326 -3.300414
19.336 -3.298950
19.346 -3.295458
19.356 -3.291980
19.366 -3.287789
19.376 -3.288283
19.386 -3.287983
19.396 -3.289198
19.406 -3.288871
19.416 -3.284136
19.426 -3.286428
19.436 -3.289165
19.446 -3.286903
19.456 -3.284888
19.466 -3.282787
19.476 -3.281677
19.486 -3.281282
19.496 -3.280330
19.506 -3.279191
19.516 -3.278136
19.526 -3.276516
19.536 -3.273751
19.546 -3.269915
19.556 -3.268002
19.566 -3.269802
19.576 -3.272528
19.586 -3.270327
19.596 -3.266273
19.606 -3.264551
19.616 -3.262931
19.627 -3.263932
19.637 -3.262826
19.647 -3.264491
19.657 -3.265135
19.667 -3.266940
19.677 -3.268426
19.687 -3.268109
19.697 -3.267064
19.707 -3.268235
19.717 -3.269802
19.727 -3.272368
19.737 -3.274869
19.747 -3.275304
19.757 -3.274630
19.767 -3.273741
19.777 -3.275243
19.787 -3.280938
19.798 -3.282112
19.808 -3.281939
19.818 -3.278962
19.828 -3.276909
19.838 -3.278049
19.848 -3.279944
19.858 -3.280788
19.868 -3.280329
19.878 -3.281521
19.888 -3.280205
19.898 -3.281152
19.908 -3.279658
19.918 -3.279805
19.928 -3.278914
19.938 -3.281554
19.948 -3.280874
19.958 -3.277800
19.968 -3.275148
19.978 -3.274784
19.988 -3.277440
19.998 -3.276716
20.008 -3.276653
20.018 -3.277445
20.028 -3.276482
20.038 -3.276026
20.048 -3.275447
20.058 -3.272741
20.068 -3.272267
20.078 -3.269600
20.088 -3.267315
20.098 -3.265606
20.108 -3.268421
20.118 -3.267304
20.128 -3.266263
20.139 -3.265513
20.149 -3.263404
20.159 -3.264614
20.169 -3.264577
20.179 -3.264814
20.189 -3.265694
20.199 -3.265230
20.209 -3.266096
20.219 -3.267522
20.229 -3.269634
20.239 -3.269551
20.249 -3.269543
20.259 -3.270589
20.269 -3.270266
20.279 -3.270613
20.289 -3.272455
20.299 -3.275637
20.310 -3.272946
20.320 -3.273605
20.330 -3.270840
20.340 -3.268898
20.350 -3.270982
20.360 -3.270028
20.370 -3.271735
20.380 -3.271732
20.390 -3.271368
20.400 -3.271180
20.410 -3.271844
20.420 -3.271716
20.430 -3.274548
20.440 -3.272098
20.450 -3.272160
20.460 -3.270993
20.470 -3.271440
20.480 -3.273754
20.490 -3.272511
20.500 -3.273988
20.510 -3.298557
20.520 -3.275683
20.530 -3.275794
20.540 -3.276444
20.550 -3.273864
20.560 -3.274441
20.570 -3.272354
20.580 -3.272979
20.590 -3.272844
20.600 -3.272400
20.610 -3.269804
20.620 -3.270497
20.630 -3.270190
20.640 -3.270500
20.651 -3.271837
20.661 -3.270008
20.671 -3.270884
20.681 -3.271582
20.691 -3.271682
20.701 -3.271856
20.711 -3.272183
20.721 -3.271611
20.731 -3.270709
20.741 -3.270314
20.751 -3.271128
20.761 -3.271937
20.771 -3.271925
20.781 -3.273385
20.791 -3.272710
20.801 -3.270541
20.811 -3.271313
20.822 -3.270834
20.832 -3.270741
20.842 -3.272624
20.852 -3.271526
20.862 -3.271741
20.872 -3.269820
20.882 -3.270935
20.892 -3.271341
20.902 -3.267487
20.912 -3.265391
20.922 -3.264701
20.932 -3.265574
20.942 -3.267637
20.952 -3.270478
20.962 -3.269540
20.972 -3.266685
20.982 -3.263767
20.992 -3.261777
21.002 -3.265365
21.012 -3.266010
21.022 -3.267360
21.032 -3.268364
21.042 -3.269576
21.052 -3.268025
21.062 -3.268025
21.072 -3.268639
21.082 -3.267317
21.092 -3.266642
21.102 -3.267323
21.112 -3.268002
21.122 -3.268524
21.132 -3.267602
21.142 -3.267256
21.152 -3.267104
21.163 -3.268574
21.173 -3.266153
21.183 -3.264406
21.193 -3.266798
21.203 -3.264420
21.213 -3.260396
21.223 -3.260445
21.233 -3.263657
21.243 -3.265639
21.253 -3.266166
21.263 -3.266633
21.273 -3.265813
21.283 -3.263176
21.293 -3.264860
21.303 -3.266537
21.313 -3.266745
21.323 -3.267400
21.334 -3.265949
21.344 -3.265492
21.354 -3.265273
21.364 -3.263463
21.374 -3.265006
21.384 -3.265499
21.394 -3.264396
21.404 -3.263254
21.414 -3.261994
21.424 -3.261962
21.434 -3.261151
21.444 -3.262651
21.454 -3.262070
21.464 -3.261993
21.474 -3.261972
21.484 -3.262071
21.494 -3.260483
21.504 -3.260545
21.514 -3.258779
21.524 -3.262934
21.534 -3.264611
21.544 -3.261908
21.554 -3.260823
21.564 -3.259564
21.574 -3.260250
21.584 -3.261088
21.594 -3.261130
21.604 -3.260899
21.614 -3.259312
21.624 -3.258542
21.634 -3.257179
21.644 -3.257866
21.654 -3.257986
21.664 -3.256542
21.675 -3.256623
21.685 -3.256758
21.695 -3.255203
21.705 -3.254689
21.715 -3.256964
21.725 -3.255515
21.735 -3.254031
21.745 -3.252080
21.755 -3.250218
21.765 -3.253184
21.775 -3.255118
21.785 -3.256064
21.795 -3.255012
21.805 -3.253326
21.815 -3.252059
21.825 -3.249692
21.835 -3.250250
21.846 -3.249951
21.856 -3.251615
21.866 -3.251582
21.876 -3.251458
21.886 -3.251673
21.896 -3.252033
21.906 -3.253439
21.916 -3.253306
21.926 -3.253902
21.936 -3.253325
21.946 -3.250934
21.956 -3.249976
21.966 -3.249897
21.976 -3.251285
21.986 -3.223755
21.996 -3.244503
22.006 -3.243650
22.016 -3.243669
22.026 -3.243771
22.036 -3.244579
22.046 -3.246770
22.056 -3.247130
22.066 -3.247472
22.076 -3.246286
22.086 -3.244839
22.096 -3.243728
22.106 -3.243999
22.116 -3.242491
22.126 -3.241742
22.136 -3.241455
22.146 -3.242935
22.156 -3.244769
22.166 -3.243545
22.176 -3.245679
22.187 -3.245599
22.197 -3.244020
22.207 -3.244171
22.217 -3.242122
22.227 -3.241409
22.237 -3.240739
22.247 -3.242860
22.257 -3.243818
22.267 -3.243179
22.277 -3.242526
22.287 -3.243148
22.297 -3.241401
22.307 -3.237967
22.317 -3.240341
22.327 -3.239684
22.337 -3.239559
22.347 -3.240704
22.358 -3.244503
22.368 -3.245304
22.378 -3.247095
22.388 -3.245666
22.398 -3.239949
22.408 -3.237865
22.418 -3.239289
22.428 -3.239886
22.438 -3.241582
22.448 -3.246391
22.458 -3.255312
22.468 -3.262573
22.478 -3.262415
22.488 -3.257467
22.498 -3.250879
22.508 -3.242810
22.518 -3.238423
22.528 -3.241708
22.538 -3.248855
22.548 -3.253637
22.558 -3.258918
22.568 -3.257015
22.578 -3.257275
22.588 -3.256751
22.598 -3.256083
22.608 -3.260088
22.618 -3.266151
22.628 -3.267970
22.638 -3.266720
22.648 -3.267805
22.658 -3.274428
22.668 -3.272340
22.678 -3.276733
22.688 -3.275276
22.699 -3.270522
22.709 -3.274823
22.719 -3.274057
22.729 -3.280066
22.739 -3.284651
22.749 -3.286120
22.759 -3.284348
22.769 -3.278692
22.779 -3.268354
22.789 -3.271053
22.799 -3.275831
22.809 -3.271217
22.819 -3.272750
22.829 -3.273728
22.839 -3.279356
22.849 -3.280680
22.859 -3.283860
22.870 -3.285710
22.880 -3.282883
22.890 -3.277284
22.900 -3.274669
22.910 -3.274929
22.920 -3.277075
22.930 -3.278944
22.940 -3.279341
22.950 -3.276689
22.960 -3.275324
22.970 -3.274940
22.980 -3.273928
22.990 -3.272243
23.000 -3.269997
23.010 -3.269338
23.020 -3.269370
23.030 -3.268173
23.040 -3.269204
23.050 -3.270715
23.060 -3.268326
23.070 -3.267205
23.080 -3.267491
23.090 -3.267141
23.100 -3.271649
23.110 -3.271965
23.120 -3.269578
23.130 -3.263442
23.140 -3.259652
23.150 -3.258820
23.160 -3.258945
23.170 -3.263693
23.180 -3.266500
23.190 -3.270448
23.200 -3.273456
23.211 -3.276825
23.221 -3.279226
23.231 -3.282099
23.241 -3.283560
23.251 -3.284874
23.261 -3.283256
23.271 -3.281833
23.281 -3.283468
23.291 -3.284183
23.301 -3.280267
23.311 -3.275783
23.321 -3.271534
23.331 -3.271938
23.341 -3.272132
23.351 -3.270602
23.361 -3.268439
23.371 -3.267640
23.382 -3.263635
23.392 -3.261554
23.402 -3.263277
23.412 -3.262662
23.422 -3.261996
23.432 -3.261843
23.442 -3.261233
23.452 -3.260010
23.462 -3.256904
23.472 -3.259664
23.482 -3.263349
23.492 -3.265154
23.502 -3.264707
23.512 -3.266027
23.522 -3.263272
23.532 -3.263164
23.542 -3.260098
23.552 -3.261164
23.562 -3.260520
23.572 -3.260410
23.582 -3.256492
23.592 -3.256043
23.602 -3.252748
23.612 -3.250897
23.622 -3.250149
23.632 -3.251410
23.642 -3.249360
23.652 -3.250045
23.662 -3.247251
23.672 -3.249369
23.682 -3.247737
23.692 -3.249507
23.702 -3.248547
23.712 -3.249877
23.723 -3.248383
23.733 -3.251359
23.743 -3.247711
23.753 -3.246763
23.763 -3.244963
23.773 -3.246178
23.783 -3.246054
23.793 -3.246625
23.803 -3.245738
23.813 -3.246112
23.823 -3.244972
23.833 -3.244853
23.843 -3.242781
23.853 -3.239065
23.863 -3.237789
23.873 -3.236785
23.883 -3.235574
23.894 -3.234505
23.904 -3.235136
23.914 -3.235204
23.924 -3.234401
23.934 -3.234785
23.944 -3.234952
23.954 -3.234267
23.964 -3.233762
23.974 -3.232169
23.984 -3.228893
23.994 -3.228678
24.004 -3.228208
24.014 -3.229655
24.024 -3.228084
24.034 -3.231484
24.044 -3.231534
24.054 -3.231407
24.064 -3.226807
24.074 -3.226303
24.084 -3.224614
24.094 -3.222137
24.104 -3.221067
24.114 -3.219324
24.124 -3.216632
24.134 -3.217067
24.144 -3.215155
24.154 -3.217764
24.164 -3.219176
24.174 -3.217229
24.184 -3.215684
24.194 -3.214900
24.204 -3.216655
24.214 -3.217503
24.224 -3.217485
24.235 -3.218018
24.245 -3.220256
24.255 -3.223595
24.265 -3.224937
24.275 -3.221533
24.285 -3.219774
24.295 -3.216451
24.305 -3.219240
24.315 -3.221727
24.325 -3.221487
24.335 -3.221162
24.345 -3.214114
24.355 -3.212440
24.365 -3.211019
24.375 -3.206148
24.385 -3.213975
24.395 -3.212684
24.406 -3.212426
24.416 -3.208093
24.426 -3.209094
24.436 -3.207370
24.446 -3.206191
24.456 -3.208103
24.466 -3.208287
24.476 -3.207322
24.486 -3.206917
24.496 -3.207892
24.506 -3.208717
24.516 -3.210189
24.526 -3.210140
24.536 -3.210881
24.546 -3.211828
24.556 -3.212713
24.566 -3.215116
24.576 -3.213399
24.586 -3.211582
24.596 -3.208716
24.606 -3.208089
24.616 -3.208738
24.626 -3.208427
24.636 -3.209196
24.646 -3.209449
24.656 -3.210177
24.666 -3.208953
24.676 -3.206234
24.686 -3.205627
24.696 -3.203706
24.706 -3.204469
24.716 -3.202956
24.726 -3.203417
24.736 -3.203645
24.747 -3.204928
24.757 -3.202710
24.767 -3.203577
24.777 -3.203346
24.787 -3.208755
24.797 -3.209043
24.807 -3.210401
24.817 -3.208976
24.827 -3.209403
24.837 -3.210130
24.847 -3.208858
24.857 -3.209379
24.867 -3.211338
24.877 -3.212560
24.887 -3.212921
24.897 -3.210380
24.907 -3.205343
24.918 -3.206856
24.928 -3.207087
24.938 -3.209896
24.948 -3.208974
24.958 -3.208890
24.968 -3.208395
24.978 -3.207485
24.988 -3.207064
24.998 -3.209424
25.008 -3.209956
25.018 -3.207612
25.028 -3.208248
25.038 -3.209385
25.048 -3.210003
25.058 -3.208672
25.068 -3.210008
25.078 -3.211015
25.088 -3.209193
25.098 -3.208774
25.108 -3.208041
25.118 -3.205884
25.128 -3.201057
25.138 -3.196504
25.148 -3.205971
25.158 -3.207234
25.168 -3.213536
25.178 -3.212589
25.188 -3.211359
25.198 -3.208582
25.208 -3.208335
25.218 -3.208196
25.228 -3.207973
25.238 -3.207670
25.248 -3.209240
25.259 -3.208285
25.269 -3.209445
25.279 -3.207795
25.289 -3.206831
25.299 -3.209172
25.309 -3.208793
25.319 -3.207588
25.329 -3.206247
25.339 -3.205379
25.349 -3.203793
25.359 -3.203068
25.369 -3.202870
25.379 -3.202541
25.389 -3.202854
25.399 -3.202013
25.409 -3.201606
25.419 -3.202337
25.430 -3.202168
25.440 -3.203078
25.450 -3.202838
25.460 -3.203511
25.470 -3.201460
25.480 -3.201968
25.490 -3.201554
25.500 -3.202686
25.510 -3.204437
25.520 -3.206323
25.530 -3.206563
25.540 -3.205499
25.550 -3.203936
25.560 -3.200680
25.570 -3.200538
25.580 -3.201367
25.590 -3.200933
25.600 -3.205121
25.610 -3.207136
25.620 -3.205287
25.630 -3.205471
25.640 -3.203002
25.650 -3.203268
25.660 -3.202748
25.670 -3.202736
25.680 -3.203879
25.690 -3.204401
25.700 -3.205959
25.710 -3.206570
25.720 -3.206028
25.730 -3.206548
25.740 -3.204238
25.750 -3.202555
25.760 -3.202508
25.771 -3.201737
25.781 -3.203222
25.791 -3.204581
25.801 -3.205714
25.811 -3.204779
25.821 -3.202833
25.831 -3.200618
25.841 -3.200999
25.851 -3.201901
25.861 -3.200905
25.871 -3.203585
25.881 -3.202092
25.891 -3.201534
25.901 -3.201326
25.911 -3.202995
25.921 -3.202002
25.931 -3.201466
25.942 -3.200536
25.952 -3.201326
25.962 -3.201112
25.972 -3.202693
25.982 -3.202094
25.992 -3.203749
26.002 -3.203170
26.012 -3.201526
26.022 -3.199874
26.032 -3.200883
26.042 -3.200597
26.052 -3.201458
26.062 -3.200865
26.072 -3.200822
26.082 -3.200942
26.092 -3.199340
26.102 -3.198285
26.112 -3.196589
26.122 -3.197466
26.132 -3.199128
26.142 -3.200804
26.152 -3.198281
26.162 -3.199180
26.172 -3.200061
26.182 -3.200460
26.192 -3.200369
26.202 -3.201142
26.212 -3.201488
26.222 -3.200996
26.232 -3.200329
26.242 -3.201586
26.252 -3.199680
26.262 -3.200721
26.272 -3.199574
26.283 -3.199659
26.293 -3.201616
26.303 -3.201865
26.313 -3.202073
26.323 -3.200642
26.333 -3.198356
26.343 -3.198400
26.353 -3.197244
26.363 -3.199249
26.373 -3.198840
26.383 -3.201805
26.393 -3.201484
26.403 -3.200949
26.413 -3.200815
26.423 -3.199759
26.433 -3.196589
26.443 -3.195870
26.454 -3.196803
26.464 -3.199351
26.474 -3.200044
26.484 -3.201184
26.494 -3.200137
26.504 -3.200351
26.514 -3.197571
26.524 -3.195865
26.534 -3.197218
26.544 -3.198678
26.554 -3.198829
26.564 -3.197197
26.574 -3.197316
26.584 -3.196198
26.594 -3.195273
26.604 -3.196975
26.614 -3.196136
26.624 -3.196224
26.634 -3.195223
26.644 -3.194570
26.654 -3.194317
26.664 -3.196251
26.674 -3.196024
26.684 -3.196122
26.694 -3.194288
26.704 -3.193245
26.714 -3.195346
26.724 -3.195599
26.734 -3.196557
26.744 -3.197280
26.754 -3.195504
26.764 -3.195312
26.774 -3.192756
26.784 -3.193943
26.795 -3.195092
26.805 -3.195920
26.815 -3.194653
26.825 -3.193798
26.835 -3.193191
26.845 -3.193591
26.855 -3.192407
26.865 -3.192720
26.875 -3.191851
26.885 -3.191325
26.895 -3.191617
26.905 -3.191343
26.915 -3.190882
26.925 -3.192439
26.935 -3.191144
26.945 -3.192265
26.955 -3.191915
26.966 -3.192998
26.976 -3.191391
26.986 -3.192454
26.996 -3.192404
27.006 -3.193290
27.016 -3.191778
27.026 -3.192259
27.036 -3.191115
27.046 -3.190247
27.056 -3.190386
27.066 -3.189619
27.076 -3.186881
27.086 -3.186982
27.096 -3.186729
27.106 -3.187264
27.116 -3.188012
27.126 -3.187008
27.136 -3.184123
27.146 -3.181704
27.156 -3.182764
27.166 -3.182631
27.176 -3.184665
27.186 -3.184948
27.196 -3.186127
27.206 -3.184639
27.216 -3.181856
27.226 -3.179207
27.236 -3.178808
27.246 -3.180275
27.256 -3.182725
27.266 -3.182826
27.276 -3.182645
27.286 -3.183709
27.296 -3.184050
27.307 -3.183289
27.317 -3.184062
27.327 -3.181799
27.337 -3.182872
27.347 -3.182977
27.357 -3.184333
27.367 -3.182670
27.377 -3.184607
27.387 -3.183800
27.397 -3.181736
27.407 -3.182343
27.417 -3.182157
27.427 -3.178836
27.437 -3.179129
27.447 -3.178946
27.457 -3.178502
27.467 -3.177334
27.478 -3.180079
27.488 -3.181242
27.498 -3.181054
27.508 -3.181488
27.518 -3.177845
27.528 -3.177651
27.538 -3.175585
27.548 -3.174711
27.558 -3.175881
27.568 -3.177235
27.578 -3.176363
27.588 -3.178303
27.598 -3.180128
27.608 -3.179065
27.618 -3.179332
27.628 -3.178661
27.638 -3.177317
27.648 -3.179284
27.658 -3.178977
27.668 -3.177425
27.678 -3.175463
27.688 -3.174546
27.698 -3.175866
27.708 -3.174685
27.718 -3.176840
27.728 -3.174893
27.738 -3.174301
27.748 -3.174103
27.758 -3.175266
27.768 -3.176064
27.778 -3.174098
27.788 -3.175115
27.798 -3.176022
27.808 -3.177244
27.819 -3.177618
27.829 -3.176348
27.839 -3.177447
27.849 -3.176315
27.859 -3.177815
27.869 -3.178251
27.879 -3.178580
27.889 -3.178229
27.899 -3.176986
27.909 -3.176727
27.919 -3.175292
27.929 -3.176109
27.939 -3.179074
27.949 -3.176766
27.959 -3.178941
27.969 -3.181345
27.979 -3.178389
27.990 -3.176270
28.000 -3.177737
28.010 -3.175812
28.020 -3.175813
28.030 -3.177701
28.040 -3.178873
28.050 -3.179767
28.060 -3.179564
28.070 -3.179862
28.080 -3.178299
28.090 -3.178968
28.100 -3.178387
28.110 -3.179461
28.120 -3.180627
28.130 -3.180429
28.140 -3.179061
28.150 -3.179133
28.160 -3.179332
28.170 -3.178841
28.180 -3.177284
28.190 -3.177001
28.200 -3.177589
28.210 -3.173387
28.220 -3.175438
28.230 -3.176933
28.240 -3.175345
28.250 -3.177508
28.260 -3.177216
28.270 -3.176440
28.280 -3.176722
28.290 -3.178953
28.300 -3.179940
28.310 -3.180072
28.320 -3.179150
28.331 -3.180122
28.341 -3.180800
28.351 -3.181110
28.361 -3.180800
28.371 -3.178659
28.381 -3.178286
28.391 -3.179068
28.401 -3.179644
28.411 -3.180947
28.421 -3.180141
28.431 -3.178676
28.441 -3.178280
28.451 -3.175845
28.461 -3.175045
28.471 -3.174170
28.481 -3.175626
28.491 -3.175732
28.502 -3.176311
28.512 -3.176031
28.522 -3.175244
28.532 -3.175334
28.542 -3.175632
28.552 -3.176604
28.562 -3.177778
28.572 -3.177671
28.582 -3.178263
28.592 -3.177698
28.602 -3.175633
28.612 -3.174841
28.622 -3.175243
28.632 -3.177977
28.642 -3.175248
28.652 -3.174556
28.662 -3.175143
28.672 -3.176311
28.682 -3.175142
28.692 -3.172890
28.702 -3.173188
28.712 -3.174558
28.722 -3.174755
28.732 -3.176719
28.742 -3.178080
28.752 -3.178858
28.762 -3.177863
28.772 -3.175225
28.782 -3.174155
28.792 -3.172591
28.802 -3.171520
28.812 -3.172988
28.822 -3.174073
28.832 -3.175832
28.843 -3.174762
28.853 -3.174669
28.863 -3.173586
28.873 -3.172410
28.883 -3.172606
28.893 -3.174562
28.903 -3.174558
28.913 -3.174271
28.923 -3.175336
28.933 -3.175335
28.943 -3.174164
28.953 -3.172012
28.963 -3.173371
28.973 -3.172396
28.983 -3.172108
28.993 -3.174059
29.003 -3.173086
29.014 -3.172209
29.024 -3.172408
29.034 -3.172796
29.044 -3.171721
29.054 -3.170348
29.064 -3.171818
29.074 -3.171816
29.084 -3.172307
29.094 -3.172798
29.104 -3.172303
29.114 -3.172209
29.124 -3.172794
29.134 -3.174072
29.144 -3.173576
29.154 -3.173964
29.164 -3.174262
29.174 -3.173674
29.184 -3.170645
29.194 -3.172310
29.204 -3.172113
29.214 -3.172306
29.224 -3.171329
29.234 -3.172994
29.244 -3.170449
29.254 -3.171526
29.264 -3.170841
29.274 -3.169761
29.284 -3.169958
29.294 -3.171721
29.304 -3.173679
29.314 -3.173978
29.324 -3.173873
29.334 -3.171036
29.344 -3.170742
29.355 -3.168589
29.365 -3.170153
29.375 -3.169859
29.385 -3.170152
29.395 -3.169663
29.405 -3.170152
29.415 -3.170449
29.425 -3.170449
29.435 -3.170251
29.445 -3.170055
29.455 -3.170742
29.465 -3.172016
29.475 -3.172211
29.485 -3.173882
29.495 -3.173585
29.505 -3.171427
29.515 -3.168103
29.526 -3.170742
29.536 -3.169664
29.546 -3.170939
29.556 -3.173983
29.566 -3.174177
29.576 -3.173185
29.586 -3.171132
29.596 -3.168792
29.606 -3.167917
29.616 -3.167818
29.626 -3.168787
29.636 -3.171036
29.646 -3.171820
29.656 -3.172506
29.666 -3.172895
29.676 -3.172904
29.686 -3.171626
29.696 -3.170645
29.706 -3.169761
29.716 -3.171038
29.726 -3.171428
29.736 -3.172504
29.746 -3.170938
29.756 -3.172107
29.766 -3.169472
29.776 -3.166451
29.786 -3.165472
29.796 -3.165374
29.806 -3.165455
29.816 -3.166047
29.826 -3.167213
29.836 -3.166025
29.846 -3.167111
29.856 -3.167798
29.867 -3.169565
29.877 -3.169078
29.887 -3.170449
29.897 -3.169173
29.907 -3.168783
29.917 -3.168980
29.927 -3.168491
29.937 -3.169077
29.947 -3.168883
29.957 -3.169078
29.967 -3.167712
29.977 -3.168492
29.987 -3.167807
29.997 -3.168489
30.007 -3.167321
30.017 -3.166352
30.027 -3.165472
30.038 -3.166830
30.048 -3.166133
30.058 -3.165254
30.068 -3.164863
30.078 -3.165260
30.088 -3.163797
30.098 -3.164189
30.108 -3.164584
30.118 -3.163322
30.128 -3.164186
30.138 -3.164084
30.148 -3.163032
30.158 -3.164194
30.168 -3.164110
30.178 -3.163243
30.188 -3.166059
30.198 -3.166641
30.208 -3.164843
30.218 -3.164549
30.228 -3.162699
30.238 -3.161735
30.248 -3.160358
30.258 -3.161430
30.268 -3.161733
30.278 -3.162276
30.288 -3.162081
30.298 -3.164213
30.308 -3.162064
30.318 -3.159337
30.328 -3.156930
30.338 -3.157812
30.348 -3.160532
30.358 -3.161091
30.368 -3.162767
30.379 -3.160819
30.389 -3.157707
30.399 -3.159000
30.409 -3.158334
30.419 -3.154932
30.429 -3.156094
30.439 -3.157927
30.449 -3.159942
30.459 -3.160603
30.469 -3.160318
30.479 -3.160300
30.489 -3.161571
30.499 -3.159619
30.509 -3.159724
30.519 -3.158922
30.529 -3.160993
30.539 -3.160515
30.550 -3.160255
30.560 -3.159255
30.570 -3.157540
30.580 -3.156344
30.590 -3.157017
30.600 -3.158284
30.610 -3.156926
30.620 -3.155451
30.630 -3.157333
30.640 -3.157457
30.650 -3.157567
30.660 -3.157677
30.670 -3.159619
30.680 -3.159046
30.690 -3.157504
30.700 -3.157216
30.710 -3.156348
30.720 -3.157449
30.730 -3.156015
30.740 -3.153166
30.750 -3.154120
30.760 -3.155147
30.770 -3.156111
30.780 -3.155549
30.790 -3.156717
30.800 -3.154591
30.810 -3.152914
30.820 -3.149985
30.830 -3.153772
30.840 -3.158555
30.850 -3.162340
30.860 -3.165966
30.870 -3.168179
30.880 -3.170479
30.891 -3.172957
30.901 -3.176885
30.911 -3.181145
30.921 -3.183313
30.931 -3.186494
30.941 -3.189987
30.951 -3.187730
30.961 -3.187284
30.971 -3.181606
30.981 -3.181534
30.991 -3.177969
31.001 -3.174134
31.011 -3.170280
31.021 -3.163118
31.031 -3.157959
31.041 -3.153109
31.051 -3.146685
31.062 -3.141383
31.072 -3.135122
31.082 -3.132834
31.092 -3.135498
31.102 -3.142242
31.112 -3.147691
31.122 -3.149795
31.132 -3.149546
31.142 -3.143923
31.152 -3.141808
31.162 -3.139524
31.172 -3.139906
31.182 -3.136941
31.192 -3.134498
31.202 -3.132552
31.212 -3.129994
31.222 -3.130820
31.232 -3.129040
31.242 -3.130504
31.252 -3.133216
31.262 -3.137254
31.272 -3.139511
31.282 -3.140917
31.292 -3.145409
31.302 -3.147524
31.312 -3.148913
31.322 -3.149248
31.332 -3.150654
31.342 -3.150840
31.352 -3.159355
31.362 -3.160959
31.372 -3.171672
31.382 -3.173850
31.392 -3.172188
31.403 -3.171037
31.413 -3.164273
31.423 -3.154843
31.433 -3.151304
31.443 -3.147118
31.453 -3.150430
31.463 -3.152897
31.473 -3.150849
31.483 -3.150165
31.493 -3.150110
31.503 -3.159482
31.513 -3.166833
31.523 -3.181693
31.533 -3.193379
31.543 -3.205143
31.553 -3.216070
31.563 -3.229983
31.574 -3.238546
31.584 -3.228077
31.594 -3.153087
31.604 -3.031509
31.614 -2.965179
31.624 -3.012044
31.634 -3.121952
31.644 -3.250710
31.654 -3.345118
31.664 -3.334373
31.674 -3.292858
31.684 -3.268746
31.694 -3.239072
31.704 -3.226577
31.714 -3.216343
31.724 -3.207505
31.734 -3.206947
31.744 -3.203537
31.754 -3.197543
31.764 -3.183290
31.774 -3.176290
31.784 -3.177295
31.794 -3.173890
31.804 -3.174801
31.814 -3.171164
31.824 -3.175478
31.834 -3.172242
31.844 -3.169706
31.854 -3.166679
31.864 -3.162490
31.874 -3.158332
31.884 -3.166008
31.894 -3.168950
31.904 -3.174184
31.915 -3.177304
31.925 -3.181210
31.935 -3.180496
31.945 -3.173886
31.955 -3.168782
31.965 -3.160877
31.975 -3.155484
31.985 -3.153070
31.995 -3.154783
32.005 -3.157099
32.015 -3.155716
32.025 -3.161054
32.035 -3.162129
32.045 -3.167251
32.055 -3.167236
32.065 -3.168125
32.075 -3.172087
32.086 -3.175218
32.096 -3.174438
32.106 -3.169705
32.116 -3.166539
32.126 -3.166073
32.136 -3.165844
32.146 -3.169355
32.156 -3.172732
32.166 -3.173286
32.176 -3.170740
32.186 -3.169028
32.196 -3.164361
32.206 -3.165866
32.216 -3.162722
32.226 -3.157925
32.236 -3.155694
32.246 -3.157659
32.256 -3.158926
32.266 -3.162492
32.276 -3.169598
32.286 -3.173994
32.296 -3.178142
32.306 -3.178650
32.316 -3.190508
32.326 -3.179295
32.336 -3.175014
32.346 -3.185324
32.356 -3.180647
32.366 -3.179695
32.376 -3.179002
32.386 -3.176787
32.396 -3.176197
32.406 -3.169930
32.416 -3.160867
32.427 -3.153896
32.437 -3.151615
32.447 -3.154290
32.457 -3.149417
32.467 -3.160895
32.477 -3.162562
32.487 -3.165702
32.497 -3.168176
32.507 -3.174202
32.517 -3.165480
32.527 -3.161675
32.537 -3.160983
32.547 -3.152396
32.557 -3.147897
32.567 -3.140933
32.577 -3.135530
32.587 -3.133278
32.598 -3.124779
32.608 -3.124229
32.618 -3.123870
32.628 -3.128963
32.638 -3.132175
32.648 -3.135820
32.658 -3.144227
32.668 -3.154502
32.678 -3.156733
32.688 -3.156811
32.698 -3.159754
32.708 -3.158149
32.718 -3.157181
32.728 -3.159693
32.738 -3.160192
32.748 -3.163199
32.758 -3.166150
32.768 -3.165350
32.778 -3.162965
32.788 -3.161575
32.798 -3.156968
32.808 -3.157348
32.818 -3.153921
32.828 -3.153190
32.838 -3.152133
32.848 -3.150048
32.858 -3.149820
32.868 -3.149643
32.878 -3.150443
32.888 -3.146969
32.898 -3.148277
32.908 -3.147098
32.918 -3.144089
32.928 -3.145379
32.939 -3.145074
32.949 -3.147264
32.959 -3.147913
32.969 -3.145049
32.979 -3.145545
32.989 -3.142477
32.999 -3.140160
33.009 -3.131044
33.019 -3.133573
33.029 -3.135161
33.039 -3.133538
33.049 -3.109715
33.059 -3.095821
33.069 -3.075484
33.079 -3.060153
33.089 -3.053441
33.099 -3.044389
33.110 -3.033352
33.120 -3.078518
33.130 -3.126384
33.140 -3.169620
33.150 -3.202051
33.160 -3.214083
33.170 -3.240191
33.180 -3.262706
33.190 -3.276066
33.200 -3.272232
33.210 -3.266665
33.220 -3.254267
33.230 -3.214730
33.240 -3.220460
33.250 -3.205523
33.260 -3.197324
33.270 -3.199385
33.280 -3.218129
33.290 -3.229882
33.300 -3.248634
33.310 -3.242511
33.320 -3.230516
33.330 -3.219077
33.340 -3.210757
33.350 -3.202574
33.360 -3.234203
33.370 -3.217514
33.380 -3.230379
33.390 -3.238816
33.400 -3.244957
33.410 -3.243726
33.420 -3.238447
33.430 -3.231113
33.440 -3.222394
33.451 -3.216737
33.461 -3.193419
33.471 -3.169921
33.481 -3.158816
33.491 -3.148731
33.501 -3.136352
33.511 -3.055709
33.521 -3.066210
33.531 -3.099194
33.541 -3.094503
33.551 -3.102660
33.561 -3.108139
33.571 -3.124755
33.581 -3.126971
33.591 -3.129913
33.601 -3.142636
33.611 -3.158801
33.622 -3.174634
33.632 -3.178948
33.642 -3.173972
33.652 -3.196210
33.662 -3.238002
33.672 -3.190230
33.682 -3.212494
33.692 -3.205440
33.702 -3.209479
33.712 -3.207135
33.722 -3.204982
33.732 -3.202603
33.742 -3.186448
33.752 -3.190784
33.762 -3.179270
33.772 -3.184692
33.782 -3.184364
33.792 -3.187974
33.802 -3.189187
33.812 -3.186880
33.822 -3.189602
33.832 -3.190623
33.842 -3.200082
33.852 -3.213740
33.862 -3.219117
33.872 -3.211169
33.882 -3.229315
33.892 -3.236166
33.902 -3.247394
33.912 -3.239733
33.922 -3.236001
33.932 -3.236274
33.942 -3.227787
33.952 -3.217595
33.963 -3.212284
33.973 -3.209038
33.983 -3.150410
33.993 -3.053388
34.003 -3.181878
34.013 -3.196800
34.023 -3.253673
34.033 -3.238288
34.043 -3.295670
34.053 -3.336426
34.063 -3.364988
34.073 -3.272965
34.083 -3.331863
34.093 -3.261595
34.103 -3.268614
34.113 -3.274367
34.123 -3.285436
34.134 -3.192595
34.144 -3.165557
34.154 -3.159322
34.164 -3.153670
34.174 -3.164211
34.184 -3.168106
34.194 -3.170584
34.204 -3.181559
34.214 -3.190954
34.224 -3.196150
34.234 -3.198552
34.244 -3.201487
34.254 -3.201886
34.264 -3.204980
34.274 -3.205552
34.284 -3.201718
34.294 -3.197380
34.304 -3.192815
34.314 -3.185692
34.324 -3.177190
34.334 -3.169930
34.344 -3.162031
34.354 -3.162642
34.364 -3.161806
34.374 -3.171893
34.384 -3.183733
34.394 -3.197903
34.404 -3.204532
34.414 -3.218978
34.424 -3.223709
34.434 -3.237388
34.444 -3.234476
34.454 -3.193865
34.464 -3.207685
34.475 -3.202561
34.485 -3.221282
34.495 -3.196498
34.505 -3.127518
34.515 -3.151431
34.525 -3.172866
34.535 -3.197847
34.545 -3.193381
34.555 -3.178780
34.565 -3.171557
34.575 -3.169280
34.585 -3.174459
34.595 -3.175696
34.605 -3.175871
34.615 -3.181820
34.625 -3.182402
34.635 -3.195125
34.646 -3.194894
34.656 -3.202785
34.666 -3.208066
34.676 -3.207805
34.686 -3.209892
34.696 -3.210934
34.706 -3.186578
34.716 -3.208784
34.726 -3.207007
34.736 -3.206244
34.746 -3.200155
34.756 -3.194238
34.766 -3.191126
34.776 -3.189502
34.786 -3.188345
34.796 -3.187205
34.806 -3.188491
34.816 -3.186376
34.826 -3.189765
34.836 -3.159802
34.846 -3.178780
34.856 -3.178804
34.866 -3.176504
34.876 -3.166822
34.886 -3.164110
34.896 -3.170055
34.906 -3.171587
34.916 -3.171628
34.926 -3.172749
34.936 -3.174535
34.946 -3.173522
34.956 -3.170301
34.966 -3.166185
34.976 -3.157905
34.987 -3.158779
34.997 -3.154529
35.007 -3.148651
35.017 -3.148091
35.027 -3.153018
35.037 -3.149504
35.047 -3.136422
35.057 -3.130562
35.067 -3.128400
35.077 -3.130459
35.087 -3.128842
35.097 -3.130268
35.107 -3.122689
35.117 -3.122867
35.127 -3.122551
35.137 -3.136103
35.147 -3.146862
35.158 -3.159766
35.168 -3.160825
35.178 -3.178336
35.188 -3.190278
35.198 -3.201247
35.208 -3.209275
35.218 -3.212086
35.228 -3.213969
35.238 -3.214044
35.248 -3.223461
35.258 -3.234175
35.268 -3.245189
35.278 -3.247789
35.288 -3.254735
35.298 -3.258382
35.308 -3.263077
35.318 -3.259872
35.328 -3.259518
35.338 -3.253878
35.348 -3.248672
35.358 -3.248878
35.368 -3.243535
35.378 -3.241745
35.388 -3.239101
35.398 -3.235738
35.408 -3.227483
35.418 -3.226595
35.428 -3.225054
35.438 -3.221490
35.448 -3.218096
35.458 -3.219551
35.468 -3.218911
35.478 -3.211816
35.488 -3.215435
35.499 -3.213606
35.509 -3.207526
35.519 -3.206824
35.529 -3.204436
35.539 -3.201291
35.549 -3.202319
35.559 -3.201298
35.569 -3.199283
35.579 -3.198235
35.589 -3.197954
35.599 -3.196890
35.609 -3.193206
35.619 -3.189076
35.629 -3.181294
35.639 -3.173180
35.649 -3.169591
35.659 -3.165758
35.670 -3.163456
35.680 -3.162173
35.690 -3.155915
35.700 -3.152881
35.710 -3.155752
35.720 -3.160092
35.730 -3.161822
35.740 -3.161212
35.750 -3.161345
35.760 -3.163865
35.770 -3.170396
35.780 -3.173716
35.790 -3.175498
35.800 -3.177057
35.810 -3.179759
35.820 -3.183808
35.830 -3.181528
35.840 -3.188537
35.850 -3.189861
35.860 -3.189342
35.870 -3.193140
35.880 -3.194000
35.890 -3.196891
35.900 -3.201217
35.910 -3.199980
35.920 -3.201642
35.930 -3.200917
35.940 -3.199369
35.950 -3.204391
35.960 -3.208327
35.970 -3.208917
35.980 -3.210240
35.990 -3.212337
36.000 -3.212649
36.011 -3.208745
36.021 -3.212175
36.031 -3.210048
36.041 -3.209947
36.051 -3.210424
36.061 -3.208434
36.071 -3.209888
36.081 -3.211411
36.091 -3.205540
36.101 -3.206051
36.111 -3.203554
36.121 -3.202239
36.131 -3.201313
36.141 -3.201761
36.151 -3.200786
36.161 -3.199681
36.171 -3.195715
36.182 -3.195787
36.192 -3.192834
36.202 -3.190260
36.212 -3.185268
36.222 -3.186156
36.232 -3.181409
36.242 -3.177993
36.252 -3.176373
36.262 -3.173326
36.272 -3.171310
36.282 -3.173750
36.292 -3.171150
36.302 -3.171874
36.312 -3.172819
36.322 -3.180718
36.332 -3.183324
36.342 -3.180088
36.352 -3.183494
36.362 -3.173056
36.372 -3.171844
36.382 -3.167019
36.392 -3.173597
36.402 -3.180798
36.412 -3.193473
36.422 -3.192487
36.432 -3.174301
36.442 -3.224340
36.452 -3.218448
36.462 -3.242949
36.472 -3.249589
36.482 -3.251086
36.492 -3.246407
36.502 -3.245873
36.512 -3.258175
36.523 -3.265096
36.533 -3.268277
36.543 -3.281206
36.553 -3.290941
36.563 -3.299476
36.573 -3.303149
36.583 -3.304417
36.593 -3.297420
36.603 -3.293193
36.613 -3.288228
36.623 -3.284916
36.633 -3.284802
36.643 -3.281462
36.653 -3.271611
36.663 -3.261910
36.673 -3.257476
36.683 -3.248857
36.694 -3.242498
36.704 -3.239607
36.714 -3.236421
36.724 -3.237717
36.734 -3.238572
36.744 -3.240603
36.754 -3.232177
36.764 -3.230571
36.774 -3.226511
36.784 -3.221749
36.794 -3.214293
36.804 -3.207874
36.814 -3.200911
36.824 -3.193967
36.834 -3.182376
36.844 -3.175639
36.854 -3.169899
36.864 -3.165404
36.874 -3.162335
36.884 -3.157279
36.894 -3.154785
36.904 -3.155300
36.914 -3.155200
36.924 -3.162561
36.934 -3.167255
36.944 -3.173784
36.954 -3.177499
36.964 -3.180304
36.974 -3.179854
36.984 -3.178400
36.994 -3.180621
37.004 -3.180287
37.014 -3.183700
37.024 -3.187590
37.035 -3.198202
37.045 -3.206300
37.055 -3.211848
37.065 -3.220736
37.075 -3.228453
37.085 -3.236453
37.095 -3.249060
37.105 -3.260200
37.115 -3.267116
37.125 -3.280004
37.135 -3.286029
37.145 -3.287652
37.155 -3.298510
37.165 -3.290333
37.175 -3.287215
37.185 -3.280122
37.195 -3.278458
37.206 -3.271530
37.216 -3.267105
37.226 -3.267304
37.236 -3.268571
37.246 -3.265189
37.256 -3.254183
37.266 -3.254869
37.276 -3.250678
37.286 -3.246839
37.296 -3.242035
37.306 -3.248697
37.316 -3.250187
37.326 -3.258082
37.336 -3.261571
37.346 -3.272493
37.356 -3.273464
37.366 -3.276900
37.376 -3.269071
37.386 -3.262691
37.396 -3.274330
37.406 -3.271710
37.416 -3.276160
37.426 -3.279792
37.436 -3.277365
37.446 -3.277344
37.456 -3.275009
37.466 -3.273061
37.476 -3.276670
37.486 -3.276643
37.496 -3.277323
37.506 -3.275536
37.516 -3.281588
37.526 -3.281037
37.536 -3.286270
37.547 -3.290936
37.557 -3.289521
37.567 -3.288145
37.577 -3.283461
37.587 -3.281231
37.597 -3.281519
37.607 -3.278980
37.617 -3.276984
37.627 -3.279900
37.637 -3.281523
37.647 -3.281868
37.657 -3.282005
37.667 -3.276730
37.677 -3.277549
37.687 -3.276881
37.697 -3.278567
37.707 -3.283785
37.718 -3.286499
37.728 -3.289949
37.738 -3.289810
37.748 -3.286675
37.758 -3.282981
37.768 -3.283955
37.778 -3.281433
37.788 -3.278212
37.798 -3.277920
37.808 -3.275354
37.818 -3.274549
37.828 -3.273491
37.838 -3.271936
37.848 -3.273161
37.858 -3.273058
37.868 -3.273068
37.878 -3.268721
37.888 -3.270604
37.898 -3.270562
37.908 -3.266697
37.918 -3.263849
37.928 -3.266464
37.938 -3.269804
37.948 -3.272444
37.958 -3.277147
37.968 -3.280790
37.978 -3.284885
37.988 -3.281490
37.998 -3.279015
38.008 -3.279149
38.018 -3.278648
38.028 -3.278722
38.038 -3.278725
38.048 -3.278423
38.059 -3.276534
38.069 -3.275760
38.079 -3.276538
38.089 -3.279549
38.099 -3.284745
38.109 -3.291230
38.119 -3.299591
38.129 -3.304766
38.139 -3.305484
38.149 -3.307686
38.159 -3.302121
38.169 -3.296667
38.179 -3.290960
38.189 -3.289156
38.199 -3.287351
38.209 -3.288931
38.219 -3.294718
38.230 -3.301083
38.240 -3.301351
38.250 -3.304231
38.260 -3.305687
38.270 -3.300213
38.280 -3.297647
38.290 -3.294535
38.300 -3.289201
38.310 -3.286600
38.320 -3.285770
38.330 -3.289435
38.340 -3.292662
38.350 -3.288347
38.360 -3.281988
38.370 -3.278733
38.380 -3.274757
38.390 -3.267510
38.400 -3.258555
38.410 -3.252361
38.420 -3.245416
38.430 -3.239010
38.440 -3.234530
38.450 -3.232524
38.460 -3.224328
38.470 -3.221261
38.480 -3.221083
38.490 -3.224047
38.500 -3.232969
38.510 -3.243015
38.520 -3.249693
38.530 -3.261878
38.540 -3.274731
38.550 -3.284006
38.560 -3.286063
38.571 -3.290202
38.581 -3.288614
38.591 -3.285109
38.601 -3.286232
38.611 -3.290664
38.621 -3.295606
38.631 -3.301346
38.641 -3.313669
38.651 -3.317790
38.661 -3.313274
38.671 -3.307332
38.681 -3.307777
38.691 -3.297880
38.701 -3.290079
38.711 -3.283631
38.721 -3.278060
38.731 -3.269230
38.742 -3.263436
38.752 -3.262871
38.762 -3.259422
38.772 -3.252875
38.782 -3.249156
38.792 -3.244501
38.802 -3.238374
38.812 -3.238383
38.822 -3.240957
38.832 -3.241533
38.842 -3.245062
38.852 -3.251430
38.862 -3.260051
38.872 -3.265135
38.882 -3.274013
38.892 -3.277594
38.902 -3.281168
38.912 -3.282656
38.922 -3.281574
38.932 -3.287009
38.942 -3.291480
38.952 -3.294467
38.962 -3.296921
38.972 -3.301727
38.982 -3.304737
38.992 -3.305085
39.002 -3.303970
39.012 -3.305278
39.022 -3.304964
39.032 -3.302898
39.042 -3.298261
39.052 -3.293816
39.062 -3.294109
39.072 -3.292988
39.083 -3.296195
39.093 -3.298355
39.103 -3.301004
39.113 -3.303465
39.123 -3.306660
39.133 -3.309149
39.143 -3.316096
39.153 -3.317070
39.163 -3.319533
39.173 -3.319362
39.183 -3.321436
39.193 -3.322628
39.203 -3.321365
39.213 -3.319692
39.223 -3.317241
39.233 -3.308411
39.243 -3.306436
39.254 -3.302032
39.264 -3.298988
39.274 -3.297542
39.284 -3.297174
39.294 -3.293166
39.304 -3.292033
39.314 -3.290094
39.324 -3.288818
39.334 -3.288803
39.344 -3.287047
39.354 -3.287140
39.364 -3.285049
39.374 -3.286287
39.384 -3.285378
39.394 -3.284806
39.404 -3.285992
39.414 -3.286672
39.424 -3.287999
39.434 -3.288118
39.444 -3.289201
39.454 -3.289114
39.464 -3.289196
39.474 -3.290849
39.484 -3.291244
39.494 -3.291902
39.504 -3.290892
39.514 -3.291500
39.524 -3.293066
39.534 -3.290815
39.544 -3.293163
39.554 -3.292142
39.564 -3.290789
39.574 -3.291753
39.584 -3.292451
39.595 -3.290682
39.605 -3.291904
39.615 -3.289748
39.625 -3.294684
39.635 -3.294432
39.645 -3.289785
39.655 -3.291404
39.665 -3.291765
39.675 -3.293088
39.685 -3.292161
39.695 -3.288672
39.705 -3.294338
39.715 -3.296311
39.725 -3.295537
39.735 -3.296488
39.745 -3.297750
39.755 -3.294262
39.766 -3.297899
39.776 -3.298588
39.786 -3.291176
39.796 -3.292548
39.806 -3.289911
39.816 -3.291077
39.826 -3.293196
39.836 -3.291660
39.846 -3.292647
39.856 -3.292549
39.866 -3.291509
39.876 -3.291393
39.886 -3.292066
39.896 -3.290440
39.906 -3.291749
39.916 -3.293871
39.926 -3.295678
39.936 -3.295876
39.946 -3.295059
39.956 -3.292326
39.966 -3.290785
39.976 -3.290700
39.986 -3.287841
39.996 -3.291424
40.006 -3.293551
40.016 -3.295182
40.026 -3.294901
40.036 -3.294259
40.046 -3.292329
40.056 -3.291658
40.066 -3.291784
40.076 -3.291765
40.086 -3.290486
40.096 -3.289960
40.107 -3.290337
40.117 -3.289294
40.127 -3.286749
40.137 -3.286424
40.147 -3.285407
40.157 -3.284020
40.167 -3.281145
40.177 -3.278752
40.187 -3.280349
40.197 -3.279421
40.207 -3.280460
40.217 -3.283396
40.227 -3.282073
40.237 -3.279670
40.247 -3.282007
40.257 -3.283076
40.267 -3.279924
40.278 -3.281002
40.288 -3.280877
40.298 -3.279903
40.308 -3.282365
40.318 -3.284531
40.328 -3.283869
40.338 -3.285294
40.348 -3.285435
40.358 -3.287893
40.368 -3.288150
40.378 -3.289386
40.388 -3.290616
40.398 -3.288112
40.408 -3.290654
40.418 -3.291721
40.428 -3.289547
40.438 -3.293547
40.448 -3.290914
40.458 -3.291620
40.468 -3.294324
40.478 -3.290946
40.488 -3.290642
40.498 -3.293110
40.508 -3.290716
40.518 -3.290281
40.528 -3.290132
40.538 -3.291525
40.548 -3.291466
40.558 -3.291304
40.568 -3.290748
40.578 -3.290835
40.588 -3.290576
40.598 -3.289439
40.608 -3.290652
40.619 -3.292239
40.629 -3.288395
40.639 -3.288212
40.649 -3.288645
40.659 -3.287133
40.669 -3.285467
40.679 -3.287772
40.689 -3.286036
40.699 -3.284573
40.709 -3.284806
40.719 -3.282570
40.729 -3.284700
40.739 -3.283845
40.749 -3.284855
40.759 -3.287298
40.769 -3.286637
40.779 -3.285134
40.790 -3.287971
40.800 -3.286420
40.810 -3.285078
40.820 -3.283549
40.830 -3.280992
40.840 -3.280849
40.850 -3.284263
40.860 -3.284932
40.870 -3.288144
40.880 -3.291386
40.890 -3.294035
40.900 -3.293755
40.910 -3.291383
40.920 -3.284641
40.930 -3.284447
40.940 -3.286064
40.950 -3.286041
40.960 -3.286677
40.970 -3.285020
40.980 -3.283787
40.990 -3.282702
41.000 -3.281473
41.010 -3.279767
41.020 -3.275742
41.030 -3.275922
41.040 -3.278483
41.050 -3.277894
41.060 -3.280682
41.070 -3.279265
41.080 -3.278980
41.090 -3.282258
41.100 -3.278635
41.110 -3.277726
41.120 -3.277947
41.131 -3.276444
41.141 -3.278639
41.151 -3.277966
41.161 -3.283503
41.171 -3.284469
41.181 -3.285028
41.191 -3.285984
41.201 -3.288356
41.211 -3.291228
41.221 -3.291798
41.231 -3.293949
41.241 -3.289000
41.251 -3.283673
41.261 -3.284258
41.271 -3.287630
41.281 -3.285451
41.291 -3.286984
41.302 -3.287298
41.312 -3.285141
41.322 -3.285044
41.332 -3.287151
41.342 -3.283946
41.352 -3.282845
41.362 -3.282614
41.372 -3.279741
41.382 -3.278114
41.392 -3.282872
41.402 -3.284895
41.412 -3.285549
41.422 -3.289177
41.432 -3.289697
41.442 -3.289283
41.452 -3.291487
41.462 -3.291941
41.472 -3.292429
41.482 -3.292237
41.492 -3.292776
41.502 -3.291024
41.512 -3.292860
41.522 -3.294442
41.532 -3.292278
41.542 -3.290645
41.552 -3.290852
41.562 -3.291886
41.572 -3.290148
41.582 -3.289889
41.592 -3.291020
41.602 -3.286984
41.612 -3.286118
41.622 -3.283282
41.632 -3.280901
41.643 -3.280101
41.653 -3.281641
41.663 -3.278964
41.673 -3.277664
41.683 -3.275429
41.693 -3.275233
41.703 -3.274078
41.713 -3.274928
41.723 -3.278271
41.733 -3.279328
41.743 -3.280966
41.753 -3.280014
41.763 -3.283163
41.773 -3.284994
41.783 -3.286561
41.793 -3.287415
41.803 -3.289608
41.814 -3.291770
41.824 -3.291336
41.834 -3.292926
41.844 -3.295389
41.854 -3.296659
41.864 -3.298122
41.874 -3.298784
41.884 -3.299221
41.894 -3.300959
41.904 -3.298763
41.914 -3.296875
41.924 -3.293877
41.934 -3.291873
41.944 -3.290905
41.954 -3.291399
41.964 -3.292201
41.974 -3.291531
41.984 -3.292204
41.994 -3.290957
42.004 -3.289893
42.014 -3.289654
42.024 -3.287676
42.034 -3.287663
42.044 -3.284997
42.054 -3.282306
42.064 -3.284080
42.074 -3.283299
42.084 -3.283540
42.094 -3.281351
42.104 -3.283143
42.114 -3.282829
42.124 -3.284075
42.134 -3.288152
42.144 -3.288215
42.155 -3.289791
42.165 -3.289103
42.175 -3.291806
42.185 -3.288813
42.195 -3.291375
42.205 -3.291354
42.215 -3.291008
42.225 -3.289934
42.235 -3.289582
42.245 -3.290431
42.255 -3.291703
42.265 -3.289908
42.275 -3.290240
42.285 -3.290824
42.295 -3.289306
42.305 -3.290874
42.315 -3.291188
42.326 -3.288506
42.336 -3.287194
42.346 -3.287693
42.356 -3.286293
42.366 -3.287234
42.376 -3.286529
42.386 -3.286588
42.396 -3.286643
42.406 -3.285674
42.416 -3.285597
42.426 -3.286219
42.436 -3.285160
42.446 -3.285684
42.456 -3.286614
42.466 -3.285946
42.476 -3.285762
42.486 -3.285935
42.496 -3.287815
42.506 -3.287123
42.516 -3.285548
42.526 -3.285810
42.536 -3.284221
42.546 -3.283308
42.556 -3.285869
42.566 -3.286909
42.576 -3.284830
42.586 -3.286972
42.596 -3.289000
42.606 -3.289363
42.616 -3.289628
42.626 -3.290250
42.636 -3.292289
42.646 -3.291063
42.656 -3.290221
42.667 -3.290407
42.677 -3.290794
42.687 -3.287834
42.697 -3.286790
42.707 -3.285762
42.717 -3.286186
42.727 -3.287040
42.737 -3.287208
42.747 -3.288071
42.757 -3.288970
42.767 -3.286380
42.777 -3.285772
42.787 -3.286492
42.797 -3.287042
42.807 -3.285645
42.817 -3.286478
42.827 -3.286674
42.838 -3.285684
42.848 -3.284559
42.858 -3.285597
42.868 -3.287740
42.878 -3.287412
42.888 -3.286334
42.898 -3.286777
42.908 -3.286730
42.918 -3.287750
42.928 -3.288392
42.938 -3.290413
42.948 -3.290183
42.958 -3.290572
42.968 -3.289597
42.978 -3.288627
42.988 -3.288565
42.998 -3.288736
43.008 -3.287188
43.018 -3.288325
43.028 -3.286450
43.038 -3.285248
43.048 -3.286169
43.058 -3.286324
43.068 -3.286024
43.078 -3.286119
43.088 -3.286188
43.098 -3.287325
43.108 -3.287093
43.118 -3.286981
43.128 -3.287427
43.138 -3.286525
43.148 -3.286384
43.158 -3.286237
43.168 -3.287360
43.179 -3.287050
43.189 -3.286838
43.199 -3.285286
43.209 -3.285625
43.219 -3.285809
43.229 -3.287452
43.239 -3.286774
43.249 -3.287770
43.259 -3.288175
43.269 -3.285916
43.279 -3.286023
43.289 -3.286384
43.299 -3.285267
43.309 -3.284364
43.319 -3.282241
43.329 -3.282663
43.339 -3.286961
43.350 -3.286518
43.360 -3.288944
43.370 -3.286810
43.380 -3.288091
43.390 -3.287911
43.400 -3.288569
43.410 -3.288746
43.420 -3.289265
43.430 -3.289567
43.440 -3.288615
43.450 -3.287599
43.460 -3.288188
43.470 -3.286877
43.480 -3.286808
43.490 -3.286912
43.500 -3.286468
43.510 -3.286948
43.520 -3.287599
43.530 -3.288512
43.540 -3.287541
43.550 -3.290522
43.560 -3.290592
43.570 -3.290454
43.580 -3.294173
43.590 -3.289164
43.600 -3.290702
43.610 -3.291091
43.620 -3.288843
43.630 -3.289618
43.640 -3.288953
43.650 -3.290709
43.660 -3.290159
43.670 -3.287420
43.680 -3.287079
43.691 -3.287335
43.701 -3.287584
43.711 -3.287009
43.721 -3.287504
43.731 -3.287382
43.741 -3.287083
43.751 -3.288028
43.761 -3.286758
43.771 -3.288403
43.781 -3.286150
43.791 -3.288118
43.801 -3.287544
43.811 -3.287360
43.821 -3.287521
43.831 -3.287105
43.841 -3.288048
43.851 -3.286769
43.862 -3.285839
43.872 -3.285422
43.882 -3.286945
43.892 -3.286949
43.902 -3.288436
43.912 -3.289025
43.922 -3.289715
43.932 -3.290230
43.942 -3.290998
43.952 -3.291299
43.962 -3.291465
43.972 -3.290997
43.982 -3.288385
43.992 -3.290469
44.002 -3.287777
44.012 -3.288623
44.022 -3.286333
44.032 -3.284027
44.042 -3.285820
44.052 -3.284296
44.062 -3.286119
44.072 -3.286654
44.082 -3.286738
44.092 -3.288081
44.102 -3.288877
44.112 -3.287330
44.122 -3.287765
44.132 -3.288552
44.142 -3.288516
44.152 -3.288051
44.162 -3.290265
44.172 -3.288222
44.182 -3.288028
44.192 -3.289705
44.203 -3.286129
44.213 -3.284234
44.223 -3.285470
44.233 -3.286237
44.243 -3.285567
44.253 -3.286235
44.263 -3.288038
44.273 -3.288969
44.283 -3.288734
44.293 -3.288589
44.303 -3.287437
44.313 -3.288148
44.323 -3.289413
44.333 -3.288787
44.343 -3.287022
44.353 -3.285858
44.363 -3.286062
44.374 -3.286306
44.384 -3.287042
44.394 -3.288803
44.404 -3.289572
44.414 -3.289822
44.424 -3.288815
44.434 -3.289990
44.444 -3.288936
44.454 -3.289837
44.464 -3.290144
44.474 -3.290031
44.484 -3.289125
44.494 -3.288522
44.504 -3.289098
44.514 -3.289893
44.524 -3.287020
44.534 -3.286797
44.544 -3.285694
44.554 -3.288748
44.564 -3.285684
44.574 -3.287030
44.584 -3.286818
44.594 -3.284684
44.604 -3.284772
44.614 -3.286342
44.624 -3.287487
44.634 -3.288660
44.644 -3.288497
44.654 -3.289353
44.664 -3.289014
44.674 -3.287758
44.684 -3.286956
44.694 -3.288596
44.704 -3.289918
44.715 -3.288722
44.725 -3.289051
44.735 -3.289700
44.745 -3.288789
44.755 -3.286912
44.765 -3.288710
44.775 -3.289572
44.785 -3.286278
44.795 -3.285558
44.805 -3.285567
44.815 -3.288382
44.825 -3.286821
44.835 -3.288683
44.845 -3.289079
44.855 -3.287313
44.865 -3.288627
44.875 -3.290384
44.886 -3.288569
44.896 -3.288766
44.906 -3.289327
44.916 -3.289221
44.926 -3.287777
44.936 -3.285829
44.946 -3.286955
44.956 -3.286976
44.966 -3.285897
44.976 -3.286206
44.986 -3.285577
44.996 -3.286627
45.006 -3.288861
45.016 -3.288132
45.026 -3.287356
45.036 -3.286830
45.046 -3.286393
45.056 -3.286052
45.066 -3.286187
45.076 -3.285539
45.086 -3.286198
45.096 -3.286675
45.106 -3.284792
45.116 -3.285771
45.126 -3.284947
45.136 -3.286597
45.146 -3.287131
45.156 -3.288092
45.166 -3.289430
45.176 -3.289674
45.186 -3.290322
45.196 -3.291171
45.206 -3.291136
45.216 -3.290817
45.227 -3.290700
45.237 -3.289577
45.247 -3.289389
45.257 -3.289440
45.267 -3.288489
45.277 -3.287539
45.287 -3.287479
45.297 -3.286805
45.307 -3.287596
45.317 -3.285451
45.327 -3.286033
45.337 -3.284423
45.347 -3.285432
45.357 -3.286159
45.367 -3.287726
45.377 -3.286226
45.387 -3.286198
45.398 -3.288091
45.408 -3.287954
45.418 -3.287160
45.428 -3.286507
45.438 -3.287000
45.448 -3.286928
45.458 -3.286734
45.468 -3.286149
45.478 -3.285461
45.488 -3.287472
45.498 -3.287442
45.508 -3.288342
45.518 -3.289511
45.528 -3.291178
45.538 -3.288827
45.548 -3.290302
45.558 -3.287891
45.568 -3.287849
45.578 -3.288259
45.588 -3.288630
45.598 -3.287603
45.608 -3.287069
45.618 -3.288702
45.628 -3.289521
45.638 -3.289199
45.648 -3.289475
45.658 -3.289095
45.668 -3.288359
45.678 -3.289940
45.688 -3.290939
45.698 -3.291233
45.708 -3.291406
45.718 -3.289914
45.728 -3.290987
45.739 -3.287653
45.749 -3.286951
45.759 -3.288289
45.769 -3.288118
45.779 -3.285616
45.789 -3.285722
45.799 -3.287020
45.809 -3.287556
45.819 -3.289015
45.829 -3.289154
45.839 -3.290112
45.849 -3.288081
45.859 -3.288496
45.869 -3.289226
45.879 -3.287708
45.889 -3.286769
45.899 -3.286034
45.910 -3.285587
45.920 -3.286372
45.930 -3.285984
45.940 -3.287012
45.950 -3.286665
45.960 -3.288573
45.970 -3.289786
45.980 -3.290712
45.990 -3.290894
46.000 -3.291028
46.010 -3.292171
46.020 -3.290794
46.030 -3.290183
46.040 -3.290852
46.050 -3.290358
46.060 -3.289053
46.070 -3.288339
46.080 -3.288007
46.090 -3.287736
46.100 -3.288432
46.110 -3.287755
46.120 -3.287071
46.130 -3.287833
46.140 -3.287596
46.150 -3.285422
46.160 -3.286062
46.170 -3.286258
46.180 -3.285315
46.190 -3.287176
46.200 -3.286264
46.210 -3.286130
46.220 -3.288024
46.230 -3.288041
46.240 -3.286892
46.251 -3.287921
46.261 -3.287536
46.271 -3.287733
46.281 -3.287556
46.291 -3.287817
46.301 -3.285946
46.311 -3.288131
46.321 -3.289154
46.331 -3.288712
46.341 -3.290142
46.351 -3.287517
46.361 -3.290430
46.371 -3.289053
46.381 -3.288972
46.391 -3.288853
46.401 -3.288607
46.411 -3.287141
46.422 -3.286312
46.432 -3.285258
46.442 -3.286384
46.452 -3.286616
46.462 -3.286334
46.472 -3.286392
46.482 -3.286314
46.492 -3.288423
46.502 -3.290883
46.512 -3.289944
46.522 -3.290591
46.532 -3.290169
46.542 -3.289526
46.552 -3.289242
46.562 -3.290127
46.572 -3.286830
46.582 -3.287267
46.592 -3.285839
46.602 -3.286864
46.612 -3.287071
46.622 -3.285529
46.632 -3.287384
46.642 -3.288135
46.652 -3.288642
46.662 -3.286866
46.672 -3.288108
46.682 -3.286972
46.692 -3.287046
46.702 -3.286129
46.712 -3.287163
46.722 -3.287093
46.732 -3.286672
46.742 -3.286682
46.752 -3.285935
46.763 -3.286442
46.773 -3.286994
46.783 -3.285839
46.793 -3.288205
46.803 -3.287449
46.813 -3.288372
46.823 -3.289863
46.833 -3.288738
46.843 -3.287974
46.853 -3.289337
46.863 -3.291005
46.873 -3.289603
46.883 -3.288228
46.893 -3.288265
46.903 -3.289210
46.913 -3.289597
46.923 -3.288696
46.934 -3.287061
46.944 -3.287529
46.954 -3.288272
46.964 -3.287792
46.974 -3.290325
46.984 -3.289158
46.994 -3.288429
47.004 -3.289700
47.014 -3.287770
47.024 -3.288456
47.034 -3.287676
47.044 -3.287166
47.054 -3.286546
47.064 -3.286789
47.074 -3.286662
47.084 -3.287210
47.094 -3.284977
47.104 -3.285239
47.114 -3.286654
47.124 -3.285889
47.134 -3.284957
47.144 -3.286554
47.154 -3.285567
47.164 -3.285500
47.174 -3.286597
47.184 -3.288105
47.194 -3.286999
47.204 -3.285403
47.214 -3.286540
47.224 -3.289516
47.234 -3.289272
47.244 -3.289257
47.254 -3.291153
47.264 -3.290384
47.275 -3.291565
47.285 -3.291772
47.295 -3.292791
47.305 -3.292240
47.315 -3.294673
47.325 -3.292587
47.335 -3.289669
47.345 -3.287663
47.355 -3.288533
47.365 -3.288051
47.375 -3.285877
47.385 -3.285858
47.395 -3.286121
47.405 -3.286897
47.415 -3.287281
47.425 -3.288098
47.435 -3.286759
47.446 -3.288580
47.456 -3.287837
47.466 -3.287425
47.476 -3.287844
47.486 -3.284187
47.496 -3.285500
47.506 -3.284842
47.516 -3.285306
47.526 -3.285248
47.536 -3.286666
47.546 -3.286460
47.556 -3.285664
47.566 -3.289134
47.576 -3.289878
47.586 -3.291063
47.596 -3.292138
47.606 -3.293136
47.616 -3.294425
47.626 -3.291816
47.636 -3.291894
47.646 -3.291457
47.656 -3.291323
47.666 -3.290935
47.676 -3.288973
47.686 -3.288573
47.696 -3.287425
47.706 -3.286849
47.716 -3.287806
47.726 -3.288459
47.736 -3.287000
47.746 -3.287467
47.756 -3.289735
47.766 -3.288960
47.776 -3.285171
47.787 -3.287631
47.797 -3.287307
47.807 -3.285597
47.817 -3.286846
47.827 -3.284958
47.837 -3.285878
47.847 -3.285995
47.857 -3.285519
47.867 -3.284801
47.877 -3.283774
47.887 -3.286509
47.897 -3.286940
47.907 -3.288132
47.917 -3.287115
47.927 -3.287964
47.937 -3.287770
47.947 -3.287613
47.958 -3.286198
47.968 -3.287603
47.978 -3.288463
47.988 -3.289888
47.998 -3.289338
48.008 -3.290626
48.018 -3.290974
48.028 -3.292873
48.038 -3.293865
48.048 -3.293715
48.058 -3.293212
48.068 -3.293005
48.078 -3.293973
48.088 -3.292726
48.098 -3.289944
48.108 -3.288954
48.118 -3.288115
48.128 -3.286256
48.138 -3.284890
48.148 -3.285490
48.158 -3.285771
48.168 -3.284577
48.178 -3.285179
48.188 -3.284966
48.198 -3.285519
48.208 -3.285597
48.218 -3.284383
48.228 -3.285684
48.238 -3.285092
48.248 -3.285072
48.258 -3.283976
48.268 -3.285102
48.278 -3.285171
48.288 -3.284793
48.299 -3.285295
48.309 -3.286334
48.319 -3.286709
48.329 -3.287097
48.339 -3.288666
48.349 -3.290241
48.359 -3.289934
48.369 -3.289700
48.379 -3.289338
48.389 -3.291049
48.399 -3.291572
48.409 -3.289567
48.419 -3.288105
48.429 -3.289015
48.439 -3.288724
48.449 -3.288202
48.459 -3.287725
48.470 -3.289190
48.480 -3.287947
48.490 -3.287380
48.500 -3.287623
48.510 -3.288359
48.520 -3.287686
48.530 -3.287141
48.540 -3.286546
48.550 -3.286071
48.560 -3.285442
48.570 -3.286530
48.580 -3.287673
48.590 -3.287800
48.600 -3.286179
48.610 -3.285451
48.620 -3.287081
48.630 -3.286390
48.640 -3.287301
48.650 -3.286139
48.660 -3.289843
48.670 -3.287353
48.680 -3.287097
48.690 -3.287224
48.700 -3.288021
48.710 -3.289700
48.720 -3.289307
48.730 -3.289139
48.740 -3.290343
48.750 -3.289567
48.760 -3.288882
48.770 -3.287975
48.780 -3.287862
48.790 -3.287539
48.800 -3.287170
48.811 -3.288095
48.821 -3.290179
48.831 -3.288569
48.841 -3.287823
48.851 -3.287663
48.861 -3.288569
48.871 -3.287462
48.881 -3.288061
48.891 -3.289019
48.901 -3.288532
48.911 -3.291337
48.921 -3.288720
48.931 -3.288429
48.941 -3.286635
48.951 -3.286759
48.961 -3.285577
48.971 -3.288178
48.982 -3.287907
48.992 -3.287934
49.002 -3.288028
49.012 -3.288643
49.022 -3.286956
49.032 -3.288044
49.042 -3.288982
49.052 -3.288793
49.062 -3.288928
49.072 -3.288423
49.082 -3.288443
49.092 -3.287145
49.102 -3.287206
49.112 -3.286441
49.122 -3.286607
49.132 -3.287368
49.142 -3.287854
49.152 -3.286897
49.162 -3.289189
49.172 -3.288429
49.182 -3.287968
49.192 -3.288098
49.202 -3.288443
49.212 -3.289072
49.222 -3.286595
49.232 -3.287400
49.242 -3.287422
49.252 -3.286413
49.262 -3.286798
49.272 -3.285519
49.282 -3.285635
49.292 -3.282851
49.302 -3.289235
49.312 -3.291156
49.323 -3.286951
49.333 -3.287977
49.343 -3.287833
49.353 -3.287427
49.363 -3.288642
49.373 -3.287313
49.383 -3.288352
49.393 -3.287773
49.403 -3.289450
49.413 -3.288706
49.423 -3.287255
49.433 -3.289996
49.443 -3.289282
49.453 -3.288022
49.463 -3.287765
49.473 -3.287164
49.483 -3.289093
49.494 -3.288062
49.504 -3.286827
49.514 -3.286935
49.524 -3.287414
49.534 -3.287245
49.544 -3.287648
49.554 -3.288629
49.564 -3.289189
49.574 -3.289072
49.584 -3.288612
49.594 -3.288859
49.604 -3.287452
49.614 -3.285548
49.624 -3.286410
49.634 -3.286584
49.644 -3.284407
49.654 -3.286227
49.664 -3.285335
49.674 -3.286207
49.684 -3.286904
49.694 -3.286121
49.704 -3.286432
49.714 -3.287961
49.724 -3.289226
49.734 -3.289531
49.744 -3.290235
49.754 -3.289552
49.764 -3.288025
49.774 -3.288105
49.784 -3.286169
49.794 -3.286160
49.804 -3.288105
49.814 -3.287000
49.824 -3.286023
49.835 -3.288024
49.845 -3.287586
49.855 -3.287263
49.865 -3.288462
49.875 -3.287924
49.885 -3.286849
49.895 -3.288145
49.905 -3.287105
49.915 -3.287462
49.925 -3.287579
49.935 -3.287238
49.945 -3.287020
49.955 -3.289349
49.965 -3.287977
49.975 -3.284732
49.985 -3.286595
49.995 -3.282986
50.006 -3.281053
50.016 -3.281454
50.026 -3.282080
50.036 -3.285645
50.046 -3.283506
50.056 -3.285748
50.066 -3.289826
50.076 -3.286738
50.086 -3.286426
50.096 -3.287122
50.106 -3.285676
50.116 -3.287128
50.126 -3.291649
50.136 -3.290695
50.146 -3.292007
50.156 -3.293564
50.166 -3.294907
50.176 -3.292230
50.186 -3.292683
50.196 -3.295059
50.206 -3.293541
50.216 -3.292298
50.226 -3.291927
50.236 -3.291334
50.246 -3.291407
50.256 -3.293359
50.266 -3.291572
50.276 -3.289412
50.286 -3.290397
50.296 -3.290472
50.306 -3.290037
50.316 -3.289319
50.326 -3.288214
50.336 -3.286523
50.347 -3.286618
50.357 -3.287602
50.367 -3.287161
50.377 -3.286598
50.387 -3.288562
50.397 -3.288805
50.407 -3.287363
50.417 -3.285232
50.427 -3.286961
50.437 -3.285260
50.447 -3.284842
50.457 -3.286509
50.467 -3.288367
50.477 -3.289303
50.487 -3.291139
50.497 -3.289600
50.507 -3.290630
50.518 -3.290948
50.528 -3.291447
50.538 -3.288702
50.548 -3.289539
50.558 -3.288720
50.568 -3.290172
50.578 -3.289051
50.588 -3.286521
50.598 -3.284471
50.608 -3.286406
50.618 -3.289101
50.628 -3.288115
50.638 -3.286553
50.648 -3.288632
50.658 -3.287903
50.668 -3.286327
50.678 -3.289044
50.688 -3.290590
50.698 -3.293173
50.708 -3.293706
50.718 -3.293721
50.728 -3.296228
50.738 -3.298756
50.748 -3.298542
50.758 -3.300991
50.768 -3.302676
50.778 -3.304418
50.788 -3.304585
50.798 -3.301093
50.808 -3.296764
50.818 -3.292281
50.828 -3.289607
50.838 -3.289053
50.848 -3.288589
50.859 -3.288589
50.869 -3.286039
50.879 -3.288455
50.889 -3.290935
50.899 -3.289890
50.909 -3.287641
50.919 -3.286520
50.929 -3.286545
50.939 -3.289171
50.949 -3.292009
50.959 -3.291885
50.969 -3.292257
50.979 -3.296115
50.989 -3.300951
50.999 -3.299988
51.009 -3.298234
51.019 -3.299038
51.030 -3.299013
51.040 -3.297978
51.050 -3.300911
51.060 -3.299024
51.070 -3.298216
51.080 -3.297203
51.090 -3.297037
51.100 -3.296201
51.110 -3.294164
51.120 -3.294060
51.130 -3.291258
51.140 -3.290868
51.150 -3.292419
51.160 -3.293458
51.170 -3.291010
51.180 -3.290092
51.190 -3.289800
51.200 -3.292467
51.210 -3.290469
51.220 -3.292781
51.230 -3.292593
51.240 -3.293647
51.250 -3.294618
51.260 -3.295435
51.270 -3.295166
51.280 -3.294822
51.290 -3.294478
51.300 -3.295906
51.310 -3.294758
51.320 -3.294929
51.330 -3.294336
51.340 -3.294973
51.350 -3.294833
51.360 -3.294973
51.371 -3.293735
51.381 -3.294434
51.391 -3.295595
51.401 -3.293477
51.411 -3.294542
51.421 -3.295123
51.431 -3.294994
51.441 -3.293748
51.451 -3.295231
51.461 -3.295263
51.471 -3.295844
51.481 -3.295241
51.491 -3.294587
51.501 -3.293973
51.511 -3.292577
51.521 -3.291392
51.531 -3.291183
51.542 -3.290459
51.552 -3.289167
51.562 -3.290117
51.572 -3.289394
51.582 -3.288853
51.592 -3.289412
51.602 -3.291317
51.612 -3.290693
51.622 -3.291110
51.632 -3.293330
51.642 -3.292909
51.652 -3.294606
51.662 -3.292861
51.672 -3.293694
51.682 -3.292208
51.692 -3.290459
51.702 -3.292305
51.712 -3.292007
51.722 -3.292305
51.732 -3.291035
51.742 -3.292323
51.752 -3.292794
51.762 -3.292956
51.772 -3.294940
51.782 -3.296320
51.792 -3.295091
51.802 -3.294640
51.812 -3.294048
51.822 -3.293939
51.832 -3.295813
51.842 -3.295843
51.852 -3.295811
51.862 -3.295575
51.872 -3.295361
51.883 -3.295510
51.893 -3.295059
51.903 -3.293145
51.913 -3.292173
51.923 -3.294833
51.933 -3.293695
51.943 -3.292697
51.953 -3.292611
51.963 -3.293195
51.973 -3.293069
51.983 -3.292269
51.993 -3.293145
52.003 -3.292402
52.013 -3.293271
52.023 -3.293391
52.033 -3.291340
52.043 -3.292378
52.054 -3.292519
52.064 -3.291686
52.074 -3.294457
52.084 -3.294122
52.094 -3.293151
52.104 -3.293626
52.114 -3.293481
52.124 -3.295048
52.134 -3.295984
52.144 -3.298267
52.154 -3.296262
52.164 -3.295284
52.174 -3.296423
52.184 -3.294553
52.194 -3.294919
52.204 -3.294264
52.214 -3.291682
52.224 -3.293854
52.234 -3.293993
52.244 -3.293782
52.254 -3.292953
52.264 -3.293126
52.274 -3.292883
52.284 -3.293791
52.294 -3.294811
52.304 -3.294715
52.314 -3.294564
52.324 -3.294542
52.334 -3.292716
52.344 -3.292366
52.354 -3.291070
52.364 -3.290372
52.374 -3.291336
52.384 -3.291676
52.395 -3.291782
52.405 -3.292878
52.415 -3.293745
52.425 -3.294435
52.435 -3.294983
52.445 -3.295059
52.455 -3.295306
52.465 -3.293544
52.475 -3.293941
52.485 -3.293447
52.495 -3.292815
52.505 -3.292493
52.515 -3.292713
52.525 -3.292121
52.535 -3.291571
52.545 -3.291782
52.555 -3.293067
52.566 -3.291772
52.576 -3.290148
52.586 -3.292007
52.596 -3.291900
52.606 -3.292436
52.616 -3.292352
52.626 -3.292215
52.636 -3.290878
52.646 -3.291630
52.656 -3.292684
52.666 -3.293489
52.676 -3.293305
52.686 -3.294067
52.696 -3.293330
52.706 -3.293576
52.716 -3.291554
52.726 -3.290755
52.736 -3.291326
52.746 -3.292287
52.756 -3.292256
52.766 -3.292425
52.776 -3.292658
52.786 -3.293712
52.796 -3.292880
52.806 -3.293553
52.816 -3.293122
52.826 -3.294112
52.836 -3.294823
52.846 -3.294983
52.856 -3.294048
52.866 -3.293400
52.876 -3.293498
52.886 -3.291620
52.896 -3.292132
52.907 -3.292648
52.917 -3.292844
52.927 -3.293222
52.937 -3.291613
52.947 -3.291332
52.957 -3.292464
52.967 -3.293802
52.977 -3.294822
52.987 -3.293768
52.997 -3.294144
53.007 -3.295264
53.017 -3.293277
53.027 -3.292562
53.037 -3.292260
53.047 -3.291910
53.057 -3.291499
53.067 -3.289320
53.078 -3.290959
53.088 -3.291720
53.098 -3.293551
53.108 -3.294102
53.118 -3.293500
53.128 -3.292139
53.138 -3.293721
53.148 -3.294564
53.158 -3.292452
53.168 -3.291478
53.178 -3.292805
53.188 -3.292671
53.198 -3.292899
53.208 -3.292021
53.218 -3.291658
53.228 -3.292330
53.238 -3.291910
53.248 -3.292100
53.258 -3.292964
53.268 -3.292726
53.278 -3.293594
53.288 -3.293897
53.298 -3.294554
53.308 -3.294069
53.318 -3.293067
53.328 -3.293349
53.338 -3.293084
53.348 -3.293046
53.358 -3.292506
53.368 -3.292517
53.378 -3.291447
53.388 -3.291009
53.398 -3.291488
53.408 -3.293261
53.419 -3.292398
53.429 -3.292844
53.439 -3.291955
53.449 -3.294132
53.459 -3.293119
53.469 -3.295016
53.479 -3.292470
53.489 -3.294305
53.499 -3.294390
53.509 -3.291821
53.519 -3.293291
53.529 -3.292551
53.539 -3.291088
53.549 -3.292561
53.559 -3.292187
53.569 -3.291817
53.579 -3.292273
53.590 -3.292007
53.600 -3.290240
53.610 -3.291772
53.620 -3.293187
53.630 -3.293117
53.640 -3.292035
53.650 -3.292028
53.660 -3.292428
53.670 -3.291142
53.680 -3.291501
53.690 -3.291177
53.700 -3.289517
53.710 -3.289658
53.720 -3.289942
53.730 -3.292153
53.740 -3.293792
53.750 -3.293683
53.760 -3.293307
53.770 -3.294089
53.780 -3.294833
53.790 -3.294801
53.800 -3.295069
53.810 -3.294789
53.820 -3.296123
53.830 -3.294898
53.840 -3.293437
53.850 -3.291637
53.860 -3.292367
53.870 -3.292101
53.880 -3.289567
53.890 -3.291412
53.900 -3.292343
53.910 -3.294068
53.920 -3.292966
53.931 -3.291762
53.941 -3.293004
53.951 -3.293172
53.961 -3.293468
53.971 -3.291859
53.981 -3.292104
53.991 -3.292648
54.001 -3.290985
54.011 -3.290540
54.021 -3.289793
54.031 -3.290709
54.041 -3.292398
54.051 -3.291336
54.061 -3.292321
54.071 -3.293395
54.081 -3.294498
54.091 -3.293262
54.102 -3.293328
54.112 -3.292783
54.122 -3.292624
54.132 -3.292904
54.142 -3.293233
54.152 -3.291361
54.162 -3.292352
54.172 -3.292829
54.182 -3.294994
54.192 -3.291696
54.202 -3.292169
54.212 -3.291841
54.222 -3.290807
54.232 -3.291544
54.242 -3.291955
54.252 -3.292924
54.262 -3.293648
54.272 -3.291536
54.282 -3.290647
54.292 -3.291589
54.302 -3.292509
54.312 -3.293054
54.322 -3.292642
54.332 -3.290622
54.342 -3.291161
54.352 -3.292860
54.362 -3.291460
54.372 -3.291013
54.382 -3.291990
54.392 -3.293296
54.402 -3.293583
54.412 -3.293682
54.422 -3.293147
54.432 -3.292190
54.443 -3.292593
54.453 -3.292475
54.463 -3.291243
54.473 -3.291274
54.483 -3.289729
54.493 -3.292291
54.503 -3.293813
54.513 -3.293984
54.523 -3.294199
54.533 -3.294531
54.543 -3.295844
54.553 -3.298041
54.563 -3.296637
54.573 -3.296103
54.583 -3.296986
54.593 -3.295887
54.603 -3.291948
54.614 -3.292035
54.624 -3.291394
54.634 -3.291245
54.644 -3.289000
54.654 -3.292266
54.664 -3.290622
54.674 -3.293474
54.684 -3.293877
54.694 -3.293586
54.704 -3.293240
54.714 -3.291470
54.724 -3.294607
54.734 -3.293456
54.744 -3.291793
54.754 -3.292666
54.764 -3.291712
54.774 -3.290872
54.784 -3.291167
54.794 -3.290515
54.804 -3.291066
54.814 -3.293058
54.824 -3.293460
54.834 -3.293340
54.844 -3.292540
54.854 -3.294994
54.864 -3.295650
54.874 -3.293577
54.884 -3.293920
54.894 -3.294337
54.904 -3.293972
54.914 -3.292684
54.924 -3.292577
54.934 -3.292606
54.944 -3.289662
54.955 -3.291499
54.965 -3.290464
54.975 -3.290888
54.985 -3.290781
54.995 -3.290540
55.005 -3.290678
55.015 -3.290428
55.025 -3.291903
55.035 -3.291557
55.045 -3.292512
55.055 -3.289513
55.065 -3.290571
55.075 -3.291720
55.085 -3.290556
55.095 -3.290611
55.105 -3.288913
55.115 -3.290796
55.126 -3.290296
55.136 -3.291177
55.146 -3.291066
55.156 -3.290729
55.166 -3.291491
55.176 -3.292297
55.186 -3.293651
55.196 -3.292256
55.206 -3.292139
55.216 -3.293336
55.226 -3.291157
55.236 -3.290811
55.246 -3.289725
55.256 -3.290979
55.266 -3.291457
55.276 -3.291665
55.286 -3.291121
55.296 -3.292142
55.306 -3.292007
55.316 -3.291793
55.326 -3.292632
55.336 -3.293303
55.346 -3.293723
55.356 -3.293680
55.366 -3.291714
55.376 -3.292886
55.386 -3.293851
55.396 -3.292063
55.406 -3.290438
55.416 -3.291177
55.426 -3.289729
55.436 -3.289717
55.446 -3.290189
55.456 -3.291679
55.467 -3.291034
55.477 -3.292233
55.487 -3.291311
55.497 -3.291717
55.507 -3.290611
55.517 -3.293016
55.527 -3.291882
55.537 -3.293488
55.547 -3.292031
55.557 -3.291814
55.567 -3.291557
55.577 -3.292419
55.587 -3.292321
55.597 -3.290871
55.607 -3.291876
55.617 -3.293789
55.627 -3.293583
55.638 -3.295241
55.648 -3.294607
55.658 -3.294671
55.668 -3.294736
55.678 -3.292995
55.688 -3.293416
55.698 -3.292561
55.708 -3.291297
55.718 -3.290311
55.728 -3.292224
55.738 -3.291336
55.748 -3.290724
55.758 -3.293326
55.768 -3.292149
55.778 -3.291315
55.788 -3.291720
55.798 -3.292330
55.808 -3.291838
55.818 -3.291641
55.828 -3.291748
55.838 -3.292305
55.848 -3.291270
55.858 -3.291381
55.868 -3.291290
55.878 -3.291412
55.888 -3.290791
55.898 -3.292679
55.908 -3.293061
55.918 -3.292321
55.928 -3.292883
55.938 -3.293498
55.948 -3.293298
55.958 -3.292318
55.968 -3.292360
55.979 -3.291872
55.989 -3.294401
55.999 -3.293019
56.009 -3.293651
56.019 -3.294466
56.029 -3.295598
56.039 -3.294251
56.049 -3.291396
56.059 -3.290606
56.069 -3.290806
56.079 -3.291419
56.089 -3.290668
56.099 -3.289689
56.109 -3.289187
56.119 -3.292150
56.129 -3.289775
56.139 -3.291171
56.150 -3.291523
56.160 -3.293387
56.170 -3.293326
56.180 -3.293439
56.190 -3.291986
56.200 -3.291239
56.210 -3.291348
56.220 -3.291173
56.230 -3.288983
56.240 -3.289975
56.250 -3.291336
56.260 -3.290791
56.270 -3.291126
56.280 -3.291009
56.290 -3.293187
56.300 -3.294757
56.310 -3.292622
56.320 -3.292208
56.330 -3.292820
56.340 -3.291706
56.350 -3.291775
56.360 -3.291934
56.370 -3.290606
56.380 -3.288706
56.390 -3.289697
56.400 -3.290291
56.410 -3.290372
56.420 -3.290093
56.430 -3.293166
56.440 -3.292640
56.450 -3.292381
56.460 -3.292718
56.470 -3.292378
56.480 -3.294272
56.491 -3.292235
56.501 -3.289940
56.511 -3.290194
56.521 -3.290224
56.531 -3.289572
56.541 -3.290744
56.551 -3.290449
56.561 -3.291290
56.571 -3.290183
56.581 -3.290688
56.591 -3.291357
56.601 -3.290056
56.611 -3.291107
56.621 -3.292267
56.631 -3.291161
56.641 -3.290984
56.651 -3.291274
56.662 -3.291751
56.672 -3.290341
56.682 -3.290418
56.692 -3.290551
56.702 -3.290729
56.712 -3.290474
56.722 -3.290515
56.732 -3.289939
56.742 -3.291037
56.752 -3.292417
56.762 -3.292281
56.772 -3.292187
56.782 -3.291997
56.792 -3.293109
56.802 -3.294057
56.812 -3.291921
56.822 -3.291803
56.832 -3.292170
56.842 -3.291431
56.852 -3.291976
56.862 -3.293662
56.872 -3.293220
56.882 -3.294962
56.892 -3.294682
56.902 -3.293608
56.912 -3.293716
56.922 -3.294488
56.932 -3.293724
56.942 -3.294296
56.952 -3.294028
56.962 -3.293100
56.972 -3.294530
56.982 -3.292239
56.992 -3.290591
57.003 -3.291299
57.013 -3.290367
57.023 -3.291508
57.033 -3.292494
57.043 -3.290601
57.053 -3.293113
57.063 -3.292970
57.073 -3.292367
57.083 -3.291606
57.093 -3.293509
57.103 -3.292121
57.113 -3.292545
57.123 -3.292311
57.133 -3.289471
57.143 -3.289531
57.153 -3.292246
57.163 -3.290969
57.174 -3.292204
57.184 -3.290790
57.194 -3.291903
57.204 -3.294251
57.214 -3.294295
57.224 -3.292796
57.234 -3.292883
57.244 -3.293756
57.254 -3.294724
57.264 -3.294050
57.274 -3.294661
57.284 -3.293747
57.294 -3.294671
57.304 -3.293414
57.314 -3.293612
57.324 -3.293071
57.334 -3.291571
57.344 -3.291194
57.354 -3.291976
57.364 -3.288569
57.374 -3.291706
57.384 -3.291709
57.394 -3.290051
57.404 -3.289878
57.414 -3.291689
57.424 -3.291322
57.434 -3.288876
57.444 -3.294229
57.454 -3.292794
57.464 -3.291595
57.474 -3.293128
57.484 -3.292384
57.494 -3.293463
57.504 -3.293043
57.515 -3.292679
57.525 -3.292582
57.535 -3.294177
57.545 -3.293233
57.555 -3.294199
57.565 -3.295199
57.575 -3.293606
57.585 -3.293491
57.595 -3.292941
57.605 -3.295654
57.615 -3.293527
57.625 -3.295155
57.635 -3.296133
57.645 -3.294272
57.655 -3.293744
57.665 -3.293834
57.675 -3.295734
57.686 -3.293544
57.696 -3.294111
57.706 -3.293776
57.716 -3.292172
57.726 -3.291492
57.736 -3.290347
57.746 -3.289929
57.756 -3.288990
57.766 -3.289590
57.776 -3.290169
57.786 -3.293130
57.796 -3.291990
57.806 -3.291334
57.816 -3.293019
57.826 -3.294047
57.836 -3.294369
57.846 -3.293458
57.856 -3.294210
57.866 -3.293574
57.876 -3.292752
57.886 -3.292194
57.896 -3.291796
57.906 -3.294598
57.916 -3.293682
57.926 -3.294076
57.936 -3.293541
57.946 -3.294255
57.956 -3.294091
57.966 -3.293290
57.976 -3.293231
57.986 -3.293695
57.996 -3.292922
58.006 -3.292478
58.016 -3.290688
58.027 -3.291346
58.037 -3.292107
58.047 -3.290932
58.057 -3.291328
58.067 -3.290331
58.077 -3.290957
58.087 -3.291890
58.097 -3.293756
58.107 -3.292464
58.117 -3.293458
58.127 -3.293911
58.137 -3.295436
58.147 -3.294336
58.157 -3.293168
58.167 -3.294018
58.177 -3.293701
58.187 -3.291914
58.198 -3.291134
58.208 -3.291610
58.218 -3.292648
58.228 -3.292888
58.238 -3.293863
58.248 -3.292063
58.258 -3.290896
58.268 -3.292059
58.278 -3.294088
58.288 -3.291903
58.298 -3.293157
58.308 -3.292283
58.318 -3.290296
58.328 -3.290791
58.338 -3.288879
58.348 -3.289113
58.358 -3.288125
58.368 -3.288672
58.378 -3.288782
58.388 -3.289761
58.398 -3.289378
58.408 -3.289244
58.418 -3.290750
58.428 -3.292028
58.438 -3.295091
58.448 -3.295134
58.458 -3.295134
58.468 -3.293937
58.478 -3.294811
58.488 -3.293695
58.498 -3.294811
58.508 -3.295479
58.518 -3.294488
58.528 -3.294564
58.539 -3.295488
58.549 -3.295662
58.559 -3.295048
58.569 -3.295456
58.579 -3.293759
58.589 -3.293479
58.599 -3.293216
58.609 -3.293446
58.619 -3.293243
58.629 -3.292912
58.639 -3.291806
58.649 -3.290474
58.659 -3.289083
58.669 -3.288197
58.679 -3.285702
58.689 -3.286159
58.699 -3.288635
58.710 -3.287351
58.720 -3.287020
58.730 -3.285770
58.740 -3.285643
58.750 -3.286111
58.760 -3.286333
58.770 -3.286963
58.780 -3.287781
58.790 -3.287926
58.800 -3.287117
58.810 -3.287646
58.820 -3.288513
58.830 -3.289283
58.840 -3.288868
58.850 -3.292021
58.860 -3.292038
58.870 -3.291703
58.880 -3.294048
58.890 -3.295158
58.900 -3.294223
58.910 -3.296352
58.920 -3.293650
58.930 -3.293524
58.940 -3.294137
58.950 -3.292146
58.960 -3.292004
58.970 -3.291346
58.980 -3.292007
58.990 -3.291284
59.000 -3.291146
59.010 -3.292153
59.020 -3.289745
59.030 -3.289508
59.040 -3.287824
59.051 -3.286009
59.061 -3.286106
59.071 -3.286513
59.081 -3.286194
59.091 -3.288107
59.101 -3.288623
59.111 -3.287339
59.121 -3.288458
59.131 -3.288456
59.141 -3.289764
59.151 -3.290310
59.161 -3.290188
59.171 -3.291424
59.181 -3.289937
59.191 -3.288040
59.201 -3.288858
59.211 -3.290870
59.222 -3.291274
59.232 -3.291619
59.242 -3.291340
59.252 -3.291700
59.262 -3.292986
59.272 -3.295309
59.282 -3.296471
59.292 -3.295587
59.302 -3.293870
59.312 -3.293502
59.322 -3.292819
59.332 -3.292952
59.342 -3.292646
59.352 -3.290173
59.362 -3.290101
59.372 -3.291342
59.382 -3.291969
59.392 -3.289949
59.402 -3.290933
59.412 -3.291137
59.422 -3.290045
59.432 -3.288878
59.442 -3.289669
59.452 -3.290555
59.462 -3.290550
59.472 -3.289005
59.482 -3.289846
59.492 -3.288446
59.502 -3.287574
59.512 -3.288570
59.522 -3.289944
59.532 -3.289135
59.542 -3.289477
59.552 -3.290402
59.563 -3.290050
59.573 -3.291049
59.583 -3.291177
59.593 -3.290979
59.603 -3.293329
59.613 -3.291507
59.623 -3.292387
59.633 -3.291229
59.643 -3.292070
59.653 -3.291288
59.663 -3.290244
59.673 -3.288955
59.683 -3.291307
59.693 -3.290341
59.703 -3.290911
59.713 -3.290234
59.723 -3.287824
59.734 -3.290550
59.744 -3.289893
59.754 -3.291783
59.764 -3.291419
59.774 -3.289732
59.784 -3.290493
59.794 -3.290575
59.804 -3.290229
59.814 -3.289196
59.824 -3.288817
59.834 -3.289719
59.844 -3.290102
59.854 -3.288242
59.864 -3.287156
59.874 -3.288361
59.884 -3.287345
59.894 -3.288421
59.904 -3.289216
59.914 -3.289993
59.924 -3.289953
59.934 -3.291262
59.944 -3.289078
59.954 -3.290611
59.964 -3.290310
59.974 -3.289479
59.984 -3.290693
59.994 -3.290121
60.004 -3.289962
60.014 -3.288831
60.024 -3.288587
60.034 -3.288908
60.044 -3.290866
60.054 -3.291433
60.064 -3.293365
60.075 -3.291510
60.085 -3.292533
60.095 -3.293060
60.105 -3.292876
60.115 -3.294341
60.125 -3.291686
60.135 -3.291949
60.145 -3.290718
60.155 -3.288617
60.165 -3.288043
60.175 -3.290325
60.185 -3.288175
60.195 -3.289078
60.205 -3.288150
60.215 -3.288721
60.225 -3.289005
60.235 -3.288393
60.246 -3.288731
60.256 -3.289437
60.266 -3.288600
60.276 -3.288683
60.286 -3.290147
60.296 -3.288495
60.306 -3.289984
60.316 -3.290652
60.326 -3.287923
60.336 -3.287599
60.346 -3.285903
60.356 -3.285583
60.366 -3.288740
60.376 -3.289155
60.386 -3.288401
60.396 -3.289781
60.406 -3.289813
60.416 -3.287543
60.426 -3.288304
60.436 -3.287848
60.446 -3.291396
60.456 -3.291969
60.466 -3.290871
60.476 -3.291502
60.486 -3.290901
60.496 -3.289550
60.506 -3.290010
60.516 -3.289192
60.526 -3.289882
60.536 -3.290504
60.546 -3.291526
60.556 -3.290657
60.566 -3.290763
60.576 -3.290829
60.587 -3.291886
60.597 -3.293241
60.607 -3.291983
60.617 -3.290499
60.627 -3.289340
60.637 -3.289800
60.647 -3.289152
60.657 -3.288160
60.667 -3.290387
60.677 -3.289774
60.687 -3.288252
60.697 -3.288470
60.707 -3.287666
60.717 -3.287261
60.727 -3.288050
60.737 -3.287263
60.747 -3.286660
60.758 -3.286978
60.768 -3.287590
60.778 -3.288831
60.788 -3.287307
60.798 -3.289832
60.808 -3.290035
60.818 -3.292777
60.828 -3.292685
60.838 -3.292646
60.848 -3.293114
60.858 -3.292614
60.868 -3.292107
60.878 -3.293182
60.888 -3.291099
60.898 -3.290693
60.908 -3.291107
60.918 -3.289201
60.928 -3.288895
60.938 -3.288384
60.948 -3.290035
60.958 -3.288336
60.968 -3.288731
60.978 -3.288901
60.988 -3.290335
60.998 -3.291234
61.008 -3.289968
61.018 -3.289495
61.028 -3.289846
61.038 -3.288663
61.048 -3.288958
61.058 -3.288798
61.068 -3.288105
61.078 -3.288262
61.088 -3.288456
61.099 -3.288269
61.109 -3.289465
61.119 -3.289572
61.129 -3.291807
61.139 -3.292489
61.149 -3.291690
61.159 -3.291797
61.169 -3.292963
61.179 -3.292465
61.189 -3.292740
61.199 -3.293289
61.209 -3.291441
61.219 -3.290269
61.229 -3.290529
61.239 -3.289729
61.249 -3.290417
61.259 -3.289917
61.270 -3.288623
61.280 -3.290264
61.290 -3.287984
61.300 -3.289265
61.310 -3.288874
61.320 -3.289001
61.330 -3.289582
61.340 -3.289816
61.350 -3.288610
61.360 -3.289109
61.370 -3.288085
61.380 -3.288935
61.390 -3.289265
61.400 -3.289958
61.410 -3.290239
61.420 -3.290941
61.430 -3.291641
61.440 -3.291332
61.450 -3.292842
61.460 -3.292077
61.470 -3.293463
61.480 -3.292097
61.490 -3.293724
61.500 -3.293479
61.510 -3.290973
61.520 -3.290239
61.530 -3.291008
61.540 -3.289588
61.550 -3.291202
61.560 -3.293163
61.570 -3.292640
61.580 -3.291131
61.590 -3.291214
61.600 -3.291917
61.611 -3.291342
61.621 -3.291233
61.631 -3.289885
61.641 -3.290285
61.651 -3.290310
61.661 -3.289158
61.671 -3.290096
61.681 -3.289825
61.691 -3.289031
61.701 -3.289324
61.711 -3.289172
61.721 -3.288304
61.731 -3.286978
61.741 -3.288423
61.751 -3.289382
61.761 -3.290259
61.771 -3.290045
61.782 -3.292900
61.792 -3.290529
61.802 -3.291546
61.812 -3.290530
61.822 -3.292149
61.832 -3.291790
61.842 -3.291096
61.852 -3.289249
61.862 -3.289968
61.872 -3.289522
61.882 -3.290269
61.892 -3.291284
61.902 -3.292963
61.912 -3.293694
61.922 -3.291566
61.932 -3.292656
61.942 -3.290764
61.952 -3.290391
61.962 -3.292484
61.972 -3.289703
61.982 -3.290065
61.992 -3.290305
62.002 -3.289182
62.012 -3.288811
62.022 -3.288091
62.032 -3.288389
62.042 -3.289350
62.052 -3.288918
62.062 -3.288091
62.072 -3.289784
62.082 -3.290223
62.092 -3.291198
62.102 -3.290417
62.112 -3.287638
62.123 -3.288063
62.133 -3.290983
62.143 -3.291385
62.153 -3.291420
62.163 -3.291678
62.173 -3.292160
62.183 -3.292868
62.193 -3.291838
62.203 -3.291696
62.213 -3.292931
62.223 -3.291208
62.233 -3.290926
62.243 -3.291527
62.253 -3.292028
62.263 -3.292066
62.273 -3.291035
62.283 -3.290371
62.294 -3.289262
62.304 -3.289697
62.314 -3.290182
62.324 -3.290010
62.334 -3.289602
62.344 -3.288851
62.354 -3.287495
62.364 -3.288165
62.374 -3.286591
62.384 -3.286794
62.394 -3.286776
62.404 -3.289974
62.414 -3.291360
62.424 -3.289949
62.434 -3.290101
62.444 -3.289855
62.454 -3.291216
