115.562 3.325537
115.572 3.323616
115.582 3.313632
115.592 3.309525
115.602 3.303180
115.612 3.294563
115.622 3.290823
115.632 3.288596
115.642 3.288040
115.652 3.288586
115.662 3.286128
115.672 3.280286
115.682 3.270155
115.692 3.256465
115.702 3.248393
115.712 3.244987
115.722 3.240303
115.732 3.235475
115.742 3.230663
115.752 3.228251
115.762 3.218922
115.772 3.212033
115.782 3.203766
115.792 3.195533
115.802 3.191508
115.812 3.183957
115.822 3.178667
115.832 3.169265
115.842 3.169382
115.852 3.170248
115.862 3.163959
115.872 3.156996
115.883 3.147319
115.893 3.141962
115.903 3.135724
115.913 3.126029
115.923 3.113445
115.933 3.108469
115.943 3.103947
115.953 3.100636
115.963 3.092123
115.973 3.086693
115.983 3.082193
115.993 3.077878
116.003 3.071691
116.013 3.068556
116.023 3.061392
116.033 3.059917
116.043 3.051720
116.054 3.056516
116.064 3.055627
116.074 3.052978
116.084 3.051685
116.094 3.050162
116.104 3.053361
116.114 3.062787
116.124 3.066180
116.134 3.065443
116.144 3.063214
116.154 3.060889
116.164 3.061147
116.174 3.059299
116.184 3.063782
116.194 3.062010
116.204 3.062593
116.214 3.063100
116.224 3.069921
116.234 3.071403
116.244 3.071334
116.254 3.100846
116.264 3.100431
116.274 3.099042
116.284 3.090337
116.294 3.088563
116.304 3.102770
116.314 3.121213
116.324 3.128318
116.334 3.133035
116.344 3.139155
116.354 3.144851
116.364 3.142739
116.374 3.151470
116.384 3.160085
116.395 3.163429
116.405 3.169531
116.415 3.170812
116.425 3.171777
116.435 3.180230
116.445 3.187830
116.455 3.189800
116.465 3.197875
116.475 3.206099
116.485 3.213240
116.495 3.167243
116.505 3.050880
116.515 3.106065
116.525 3.173893
116.535 3.169811
116.545 2.602204
116.555 3.389431
116.566 3.418678
116.576 3.359817
116.586 3.327522
116.596 3.399583
116.606 3.330031
116.616 3.295759
116.626 3.220356
116.636 3.149689
116.646 3.159064
116.656 3.235110
116.666 3.256106
116.676 3.275616
116.686 3.316644
116.696 3.259607
116.706 3.209170
116.716 3.178888
116.726 3.166947
116.736 3.176438
116.746 3.166055
116.756 3.180018
116.766 3.198189
116.776 3.203599
116.786 3.219605
116.796 3.236577
116.806 3.247260
116.816 3.252349
116.826 3.268522
116.836 3.281202
116.846 3.290193
116.856 3.306048
116.866 3.311954
116.876 3.320531
116.886 3.319355
116.896 3.315709
116.907 3.314229
116.917 3.306243
116.927 3.306992
116.937 3.314808
116.947 3.319249
116.957 3.323867
116.967 3.326766
116.977 3.320203
116.987 3.314815
116.997 3.311942
117.007 3.293212
117.017 3.281790
117.027 3.276799
117.037 3.276107
117.047 3.283533
117.057 3.297932
117.067 3.303839
117.078 3.298284
117.088 3.284796
117.098 3.275008
117.108 3.236753
117.118 3.252412
117.128 3.280255
117.138 3.271553
117.148 3.280165
117.158 3.285837
117.168 3.283883
117.178 3.287905
117.188 3.295730
117.198 3.303326
117.208 3.311496
117.218 3.316713
117.228 3.317482
117.238 3.317983
117.248 3.316965
117.258 3.319858
117.268 3.330954
117.278 3.341010
117.288 3.347788
117.298 3.350353
117.308 3.347286
117.318 3.341306
117.328 3.332658
117.338 3.327455
117.348 3.330098
117.358 3.335156
117.368 3.345077
117.378 3.351186
117.388 3.356207
117.398 3.362331
117.408 3.368487
117.419 3.366138
117.429 3.362534
117.439 3.363103
117.449 3.362627
117.459 3.368606
117.469 3.370220
117.479 3.371766
117.489 3.377713
117.499 3.383625
117.509 3.389295
117.519 3.394422
117.529 3.395641
117.539 3.398877
117.549 3.400937
117.559 3.405980
117.569 3.408872
117.579 3.429624
117.590 3.437726
117.600 3.440185
117.610 3.444427
117.620 3.443068
117.630 3.450505
117.640 3.449688
117.650 3.461095
117.660 3.465963
117.670 3.468969
117.680 3.473252
117.690 3.483541
117.700 3.489580
117.710 3.495949
117.720 3.501365
117.730 3.495663
117.740 3.494057
117.750 3.496342
117.760 3.498417
117.770 3.500446
117.780 3.506752
117.790 3.510126
117.800 3.515887
117.810 3.513626
117.820 3.507771
117.830 3.508813
117.840 3.508236
117.850 3.511073
117.860 3.514550
117.870 3.527522
117.880 3.527418
117.890 3.539700
117.900 3.543270
117.910 3.546926
117.920 3.546756
117.931 3.546872
117.941 3.547133
117.951 3.548977
117.961 3.555959
117.971 3.562430
117.981 3.571871
117.991 3.576305
118.001 3.573814
118.011 3.572480
118.021 3.572274
118.031 3.571049
118.041 3.579292
118.051 3.576538
118.061 3.580909
118.071 3.575303
118.081 3.584195
118.091 3.591940
118.102 3.590411
118.112 3.583649
118.122 3.579887
118.132 3.579149
118.142 3.579425
118.152 3.583387
118.162 3.586779
118.172 3.592199
118.182 3.596379
118.192 3.598218
118.202 3.596915
118.212 3.593494
118.222 3.592638
118.232 3.596558
118.242 3.599050
118.252 3.586904
118.262 3.592050
118.272 3.624905
118.282 3.616084
118.292 3.629261
118.302 3.628163
118.312 3.616491
118.322 3.605257
118.332 3.610145
118.342 3.618679
118.352 3.626504
118.362 3.626426
118.372 3.626674
118.382 3.623232
118.392 3.622955
118.402 3.611969
118.412 3.609289
118.422 3.611052
118.432 3.607658
118.443 3.614550
118.453 3.617653
118.463 3.620393
118.473 3.625230
118.483 3.626347
118.493 3.629803
118.503 3.631343
118.513 3.629629
118.523 3.631956
118.533 3.638377
118.543 3.643691
118.553 3.643539
118.563 3.640902
118.573 3.634190
118.583 3.629899
118.593 3.628180
118.603 3.620365
118.614 3.623337
118.624 3.626257
118.634 3.628691
118.644 3.631277
118.654 3.632907
118.664 3.636654
118.674 3.637943
118.684 3.640040
118.694 3.638145
118.704 3.635435
118.714 3.633346
118.724 3.630199
118.734 3.633388
118.744 3.636069
118.754 3.639671
118.764 3.636273
118.774 3.632127
118.784 3.627587
118.794 3.629409
118.804 3.630725
118.814 3.632658
118.824 3.629840
118.834 3.627072
118.844 3.631963
118.854 3.633999
118.864 3.631402
118.874 3.627607
118.884 3.615813
118.894 3.600637
118.904 3.587887
118.914 3.579839
118.924 3.555855
118.934 3.445503
118.944 3.561753
118.955 3.579283
118.965 3.574573
118.975 3.569370
118.985 3.576927
118.995 3.543260
119.005 3.526284
119.015 3.539499
119.025 3.525610
119.035 3.515754
119.045 3.512472
119.055 3.505044
119.065 3.498108
119.075 3.489271
119.085 3.475033
119.095 3.454797
119.105 3.439552
119.115 3.425249
119.126 3.415647
119.136 3.405252
119.146 3.390275
119.156 3.360970
119.166 3.347302
119.176 3.324139
119.186 3.313311
119.196 3.302503
119.206 3.289264
119.216 3.270956
119.226 3.263550
119.236 3.255876
119.246 3.245382
119.256 3.229570
119.266 3.208245
119.276 3.193892
119.286 3.187391
119.296 3.171504
119.306 3.167162
119.316 3.137357
119.326 3.110616
119.336 3.095994
119.346 3.063386
119.356 3.047216
119.366 3.028388
119.376 3.010198
119.386 2.987152
119.396 2.978109
119.406 2.949881
119.416 2.939046
119.426 2.908887
119.436 2.896027
119.446 2.879652
119.456 2.869352
119.467 2.868228
119.477 2.863148
119.487 2.857577
119.497 2.856289
119.507 2.860044
119.517 2.863163
119.527 2.860569
119.537 2.859830
119.547 2.852638
119.557 2.835701
119.567 2.839467
119.577 2.834121
119.587 2.840659
119.597 2.844135
119.607 2.855364
119.617 2.861455
119.627 2.859395
119.638 2.857943
119.648 2.860150
119.658 2.860332
119.668 2.863843
119.678 2.872285
119.688 2.882520
119.698 2.894486
119.708 2.902968
119.718 2.903857
119.728 2.907642
119.738 2.911560
119.748 2.920639
119.758 2.929988
119.768 2.944168
119.778 2.953984
119.788 2.964909
119.798 2.992374
119.808 3.000600
119.818 3.026376
119.828 3.041779
119.838 3.062858
119.848 3.079739
119.858 3.102865
119.868 3.125698
119.878 3.139126
119.888 3.161014
119.898 3.171087
119.908 3.190972
119.918 3.194761
119.928 3.217737
119.938 3.216893
119.948 3.223655
119.958 3.244579
119.968 3.271180
119.979 3.269315
119.989 3.274099
119.999 3.301986
120.009 3.296649
120.019 3.334646
120.029 3.349512
120.039 3.374499
120.049 3.383193
120.059 3.387760
120.069 3.396254
120.079 3.405098
120.089 3.417649
120.099 3.423528
120.109 3.434378
120.119 3.448871
120.129 3.457458
120.139 3.466159
120.150 3.472734
120.160 3.483018
120.170 3.492514
120.180 3.501404
120.190 3.505959
120.200 3.513159
120.210 3.510001
120.220 3.508875
120.230 3.512950
120.240 3.518233
120.250 3.514905
120.260 3.510533
120.270 3.508939
120.280 3.510697
120.290 3.514739
120.300 3.517343
120.310 3.512176
120.320 3.505609
120.330 3.502266
120.340 3.495246
120.350 3.493757
120.360 3.477754
120.370 3.461169
120.380 3.451212
120.390 3.445773
120.400 3.445491
120.410 3.444073
120.420 3.441203
120.430 3.427854
120.440 3.409848
120.450 3.394509
120.460 3.380346
120.470 3.370012
120.480 3.360561
120.491 3.355037
120.501 3.343965
120.511 3.338799
120.521 3.324071
120.531 3.306936
120.541 3.283479
120.551 3.261244
120.561 3.247152
120.571 3.230839
120.581 3.221075
120.591 3.212044
120.601 3.207901
120.611 3.195288
120.621 3.188534
120.631 3.176621
120.641 3.166057
120.651 3.152202
120.662 3.136504
120.672 3.120285
120.682 3.100758
120.692 3.073696
120.702 3.058474
120.712 3.039067
120.722 3.022194
120.732 3.010630
120.742 2.999643
120.752 2.984502
120.762 2.972041
120.772 2.953577
120.782 2.941613
120.792 2.928628
120.802 2.918524
120.812 2.907421
120.822 2.902621
120.832 2.895872
120.842 2.892664
120.852 2.897585
120.862 2.905696
120.872 2.908730
120.882 2.901514
120.892 2.897861
120.902 2.894728
120.912 2.889534
120.922 2.894821
120.932 2.899312
120.942 2.901254
120.952 2.909760
120.962 2.911962
120.972 2.914037
120.982 2.916488
120.992 2.916806
121.003 2.916763
121.013 2.919450
121.023 2.925411
121.033 2.932531
121.043 2.945265
121.053 2.949917
121.063 2.953946
121.073 2.957917
121.083 2.963034
121.093 2.968800
121.103 2.975135
121.113 2.999318
121.123 3.002769
121.133 3.021422
121.143 3.033585
121.153 3.053968
121.163 3.070446
121.174 3.091545
121.184 3.110328
121.194 3.140754
121.204 3.157058
121.214 3.172929
121.224 3.187722
121.234 3.201371
121.244 3.209243
121.254 3.219899
121.264 3.233129
121.274 3.242005
121.284 3.250904
121.294 3.262440
121.304 3.271929
121.314 3.280117
121.324 3.291552
121.334 3.313005
121.344 3.316600
121.354 3.329188
121.364 3.346909
121.374 3.360748
121.384 3.369648
121.394 3.377396
121.404 3.382555
121.414 3.383615
121.424 3.390528
121.434 3.400028
121.444 3.412540
121.454 3.425465
121.464 3.434994
121.474 3.442341
121.484 3.445897
121.494 3.448865
121.504 3.463042
121.515 3.465967
121.525 3.469574
121.535 3.473412
121.545 3.466549
121.555 3.472619
121.565 3.479487
121.575 3.484087
121.585 3.482564
121.595 3.479743
121.605 3.477259
121.615 3.467553
121.625 3.456173
121.635 3.463504
121.645 3.470340
121.655 3.476290
121.665 3.463311
121.675 3.451622
121.686 3.438354
121.696 3.432149
121.706 3.426397
121.716 3.426785
121.726 3.432855
121.736 3.427601
121.746 3.415033
121.756 3.392124
121.766 3.381190
121.776 3.373796
121.786 3.366909
121.796 3.351552
121.806 3.341396
121.816 3.330098
121.826 3.318895
121.836 3.312175
121.846 3.301184
121.856 3.291737
121.866 3.281659
121.876 3.269275
121.886 3.256128
121.896 3.241315
121.906 3.229358
121.916 3.221221
121.926 3.211765
121.936 3.206583
121.946 3.195524
121.956 3.179339
121.966 3.161038
121.976 3.136808
121.986 3.126780
121.996 3.096338
122.006 3.092679
122.016 3.076069
122.027 3.070394
122.037 3.058148
122.047 3.049093
122.057 3.035104
122.067 3.023578
122.077 3.010924
122.087 2.992132
122.097 2.978489
122.107 2.964714
122.117 2.952549
122.127 2.950109
122.137 2.945426
122.147 2.945018
122.157 2.945311
122.167 2.945786
122.177 2.948273
122.187 2.948279
122.198 2.941734
122.208 2.938825
122.218 2.931934
122.228 2.926901
122.238 2.924040
122.248 2.923060
122.258 2.929465
122.268 2.934985
122.278 2.943307
122.288 2.949194
122.298 2.948706
122.308 2.946556
122.318 2.944406
122.328 2.940070
122.338 2.943135
122.348 2.949133
122.358 2.954894
122.368 2.959896
122.378 2.970667
122.388 2.980181
122.398 2.984338
122.408 2.992775
122.418 3.002872
122.428 3.021541
122.438 3.023434
122.448 3.029525
122.458 3.038548
122.468 3.046913
122.478 3.058341
122.488 3.071045
122.498 3.083443
122.508 3.094795
122.518 3.119927
122.528 3.138957
122.539 3.162096
122.549 3.179267
122.559 3.199136
122.569 3.216617
122.579 3.232053
122.589 3.241322
122.599 3.253275
122.609 3.256706
122.619 3.250549
122.629 3.251007
122.639 3.258943
122.649 3.278321
122.659 3.286495
122.669 3.297862
122.679 3.307985
122.689 3.318128
122.699 3.331807
122.710 3.341951
122.720 3.355637
122.730 3.365917
122.740 3.373395
122.750 3.375502
122.760 3.383050
122.770 3.387000
122.780 3.400625
122.790 3.411520
122.800 3.418918
122.810 3.424092
122.820 3.427986
122.830 3.433349
122.840 3.437085
122.850 3.444692
122.860 3.442812
122.870 3.443905
122.880 3.447309
122.890 3.453395
122.900 3.451055
122.910 3.451709
122.920 3.450684
122.930 3.447698
122.940 3.442944
122.950 3.446650
122.960 3.451454
122.970 3.447729
122.980 3.440962
122.990 3.423827
123.000 3.415630
123.010 3.416165
123.020 3.418865
123.030 3.415583
123.040 3.407704
123.051 3.399020
123.061 3.391003
123.071 3.384874
123.081 3.374947
123.091 3.369051
123.101 3.364822
123.111 3.354659
123.121 3.343810
123.131 3.335557
123.141 3.323032
123.151 3.308135
123.161 3.290727
123.171 3.279141
123.181 3.267910
123.191 3.257639
123.201 3.252976
123.211 3.250997
123.222 3.237889
123.232 3.223268
123.242 3.208431
123.252 3.204080
123.262 3.196424
123.272 3.194405
123.282 3.183047
123.292 3.168313
123.302 3.155301
123.312 3.138234
123.322 3.129968
123.332 3.110321
123.342 3.100479
123.352 3.090603
123.362 3.081505
123.372 3.062654
123.382 3.056829
123.392 3.049268
123.402 3.038182
123.412 3.028160
123.422 3.018944
123.432 3.007818
123.442 2.992482
123.452 2.980329
123.462 2.971029
123.472 2.970764
123.482 2.968321
123.492 2.970452
123.502 2.971175
123.512 2.968035
123.522 2.965539
123.532 2.961666
123.542 2.954714
123.552 2.954043
123.563 2.954288
123.573 2.955502
123.583 2.961551
123.593 2.966443
123.603 2.971455
123.613 2.972784
123.623 2.977001
123.633 2.979126
123.643 2.979864
123.653 2.982864
123.663 2.986337
123.673 2.991634
123.683 2.992196
123.693 2.992640
123.703 2.994303
123.713 2.997815
123.723 3.001715
123.734 3.009964
123.744 3.015726
123.754 3.039565
123.764 3.039750
123.774 3.065536
123.784 3.066992
123.794 3.077243
123.804 3.079473
123.814 3.094084
123.824 3.106345
123.834 3.120191
123.844 3.134497
123.854 3.150793
123.864 3.166315
123.874 3.183341
123.884 3.200867
123.894 3.214098
123.904 3.223654
123.914 3.232383
123.924 3.238094
123.934 3.246648
123.944 3.254046
123.954 3.259735
123.964 3.267803
123.974 3.276603
123.984 3.281251
123.994 3.288645
124.004 3.297517
124.014 3.306507
124.024 3.319763
124.034 3.330770
124.044 3.340729
124.054 3.353963
124.064 3.366393
124.075 3.378155
124.085 3.387581
124.095 3.387217
124.105 3.383407
124.115 3.386156
124.125 3.393547
124.135 3.400443
124.145 3.405178
124.155 3.408903
124.165 3.412929
124.175 3.414078
124.185 3.416805
124.195 3.417596
124.205 3.418439
124.215 3.415797
124.225 3.412924
124.235 3.416309
124.246 3.420162
124.256 3.420459
124.266 3.417869
124.276 3.417979
124.286 3.417215
124.296 3.413666
124.306 3.404721
124.316 3.401513
124.326 3.402319
124.336 3.399188
124.346 3.393203
124.356 3.387939
124.366 3.384076
124.376 3.379363
124.386 3.369739
124.396 3.356734
124.406 3.354722
124.416 3.349612
124.426 3.337935
124.436 3.330204
124.446 3.319089
124.456 3.308793
124.466 3.301946
124.476 3.294677
124.486 3.289015
124.496 3.282720
124.506 3.271857
124.516 3.261224
124.526 3.251212
124.536 3.243569
124.546 3.232804
124.556 3.226505
124.566 3.215044
124.576 3.215030
124.587 3.207301
124.597 3.201346
124.607 3.187306
124.617 3.176407
124.627 3.167765
124.637 3.151462
124.647 3.131602
124.657 3.120690
124.667 3.101842
124.677 3.090915
124.687 3.083206
124.697 3.073042
124.707 3.065699
124.717 3.057243
124.727 3.051820
124.737 3.040502
124.747 3.031701
124.758 3.022506
124.768 3.016100
124.778 3.014489
124.788 2.999899
124.798 2.998805
124.808 2.994611
124.818 2.999388
124.828 3.000116
124.838 2.999543
124.848 2.995896
124.858 3.000917
124.868 3.004558
124.878 3.002115
124.888 2.994688
124.898 2.986382
124.908 2.989823
124.918 2.995379
124.928 2.997773
124.938 2.997208
124.948 2.995218
124.958 2.995213
124.968 3.006654
124.978 3.010374
124.988 3.009235
124.998 3.008701
125.008 3.008764
125.018 3.011311
125.028 3.023222
125.038 3.029253
125.048 3.046355
125.058 3.060159
125.068 3.058486
125.078 3.065812
125.088 3.071652
125.099 3.079030
125.109 3.113363
125.119 3.101927
125.129 3.108932
125.139 3.114696
125.149 3.123357
125.159 3.131947
125.169 3.143783
125.179 3.155358
125.189 3.170128
125.199 3.182435
125.209 3.193472
125.219 3.204601
125.229 3.217203
125.239 3.228845
125.249 3.238260
125.259 3.245770
125.270 3.251445
125.280 3.260441
125.290 3.266112
125.300 3.278738
125.310 3.293144
125.320 3.300338
125.330 3.305569
125.340 3.306624
125.350 3.311859
125.360 3.317701
125.370 3.320610
125.380 3.327621
125.390 3.341881
125.400 3.343913
125.410 3.357275
125.420 3.369901
125.430 3.377993
125.440 3.382688
125.450 3.380906
125.460 3.379577
125.470 3.380920
125.480 3.383018
125.490 3.388151
125.500 3.400686
125.510 3.406359
125.520 3.409083
125.530 3.406617
125.540 3.400764
125.550 3.397505
125.560 3.390504
125.570 3.389398
125.580 3.390367
125.590 3.392784
125.600 3.395052
125.611 3.397472
125.621 3.393507
125.631 3.384981
125.641 3.377902
125.651 3.369522
125.661 3.363299
125.671 3.365406
125.681 3.365198
125.691 3.367752
125.701 3.368639
125.711 3.364547
125.721 3.355624
125.731 3.340468
125.741 3.322822
125.751 3.306216
125.761 3.298753
125.771 3.292914
125.782 3.290557
125.792 3.280760
125.802 3.270082
125.812 3.266742
125.822 3.253042
125.832 3.248515
125.842 3.241426
125.852 3.234843
125.862 3.226264
125.872 3.220592
125.882 3.220422
125.892 3.222215
125.902 3.218659
125.912 3.210211
125.922 3.204698
125.932 3.195124
125.942 3.188433
125.952 3.177284
125.962 3.157032
125.972 3.139335
125.982 3.119918
125.992 3.103899
126.002 3.098244
126.012 3.089254
126.022 3.086157
126.032 3.073954
126.042 3.066861
126.052 3.062626
126.062 3.053827
126.072 3.042057
126.082 3.039833
126.092 3.034623
126.102 3.033694
126.112 3.024547
126.123 3.030681
126.133 3.028329
126.143 3.028634
126.153 3.029820
126.163 3.028877
126.173 3.031495
126.183 3.029098
126.193 3.024874
126.203 3.023432
126.213 3.017603
126.223 3.014799
126.233 3.014195
126.243 3.017635
126.253 3.018872
126.263 3.020853
126.273 3.022349
126.283 3.030674
126.294 3.038402
126.304 3.037300
126.314 3.035858
126.324 3.035207
126.334 3.043138
126.344 3.046783
126.354 3.048527
126.364 3.055428
126.374 3.080119
126.384 3.082617
126.394 3.083185
126.404 3.088499
126.414 3.098715
126.424 3.097963
126.434 3.110834
126.444 3.121932
126.454 3.126674
126.464 3.133780
126.474 3.141869
126.484 3.149091
126.494 3.158510
126.504 3.171107
126.514 3.184587
126.524 3.198194
126.534 3.207056
126.544 3.215578
126.554 3.223903
126.564 3.233403
126.574 3.239259
126.584 3.252065
126.594 3.271578
126.604 3.281866
126.614 3.270747
126.624 3.280925
126.635 3.267904
126.645 3.271119
126.655 3.291611
126.665 3.293161
126.675 3.305288
126.685 3.303201
126.695 3.312576
126.705 3.326504
126.715 3.325136
126.725 3.330813
126.735 3.333513
126.745 3.334854
126.755 3.343220
126.765 3.350432
126.775 3.357880
126.785 3.362858
126.795 3.371485
126.806 3.371065
126.816 3.364668
126.826 3.363478
126.836 3.376490
126.846 3.384544
126.856 3.388880
126.866 3.393914
126.876 3.388694
126.886 3.380566
126.896 3.371998
126.906 3.358497
126.916 3.353875
126.926 3.354460
126.936 3.362057
126.946 3.365519
126.956 3.371917
126.966 3.368916
126.976 3.360858
126.986 3.350046
126.996 3.335368
127.006 3.329088
127.016 3.325579
127.026 3.326123
127.036 3.323472
127.046 3.324959
127.056 3.323778
127.066 3.318466
127.076 3.310475
127.086 3.294666
127.096 3.283387
127.106 3.273887
127.116 3.268844
127.126 3.265276
127.136 3.264808
127.147 3.265852
127.157 3.260619
127.167 3.255461
127.177 3.245711
127.187 3.233907
127.197 3.232228
127.207 3.221416
127.217 3.212668
127.227 3.205990
127.237 3.191205
127.247 3.175887
127.257 3.168660
127.267 3.159522
127.277 3.155441
127.287 3.139268
127.297 3.125400
127.307 3.120761
127.318 3.109057
127.328 3.103848
127.338 3.098222
127.348 3.088397
127.358 3.080588
127.368 3.076279
127.378 3.071419
127.388 3.067275
127.398 3.072505
127.408 3.061690
127.418 3.058583
127.428 3.059951
127.438 3.063321
127.448 3.057752
127.458 3.056584
127.468 3.052310
127.478 3.052432
127.488 3.050864
127.498 3.052474
127.508 3.052788
127.518 3.053703
127.528 3.048466
127.538 3.042846
127.548 3.043373
127.558 3.043320
127.568 3.044687
127.578 3.038889
127.588 3.032732
127.598 3.047616
127.608 3.059352
127.618 3.064373
127.628 3.068346
127.638 3.066403
127.648 3.063467
127.659 3.062728
127.669 3.063007
127.679 3.068490
127.689 3.075546
127.699 3.085052
127.709 3.093698
127.719 3.119154
127.729 3.120882
127.739 3.131096
127.749 3.128830
127.759 3.133116
127.769 3.135136
127.779 3.143652
127.789 3.150412
127.799 3.158780
127.809 3.164825
127.819 3.174618
127.830 3.184181
127.840 3.192846
127.850 3.203592
127.860 3.220561
127.870 3.227621
127.880 3.231504
127.890 3.239637
127.900 3.241856
127.910 3.248982
127.920 3.254884
127.930 3.261637
127.940 3.268023
127.950 3.275659
127.960 3.279407
127.970 3.287318
127.980 3.291017
127.990 3.293308
128.000 3.301165
128.010 3.306548
128.020 3.316590
128.030 3.325400
128.040 3.333136
128.050 3.337130
128.060 3.339119
128.070 3.338376
128.080 3.339464
128.090 3.339751
128.100 3.338996
128.110 3.338937
128.120 3.343768
128.130 3.347009
128.140 3.352277
128.150 3.352424
128.160 3.352850
128.171 3.351459
128.181 3.352431
128.191 3.351497
128.201 3.352600
128.211 3.350969
128.221 3.347852
128.231 3.351737
128.241 3.355007
128.251 3.346289
128.261 3.345477
128.271 3.336744
128.281 3.334151
128.291 3.331849
128.301 3.333849
128.311 3.332201
128.321 3.323976
128.331 3.319045
128.342 3.312480
128.352 3.302968
128.362 3.298897
128.372 3.294558
128.382 3.291711
128.392 3.288781
128.402 3.282139
128.412 3.276365
128.422 3.270646
128.432 3.263682
128.442 3.255841
128.452 3.252149
128.462 3.247828
128.472 3.244410
128.482 3.244739
128.492 3.241020
128.502 3.230959
128.512 3.219702
128.522 3.209252
128.532 3.196822
128.542 3.186955
128.552 3.184122
128.562 3.177019
128.572 3.164406
128.582 3.154537
128.592 3.153553
128.602 3.147141
128.612 3.136166
128.622 3.132485
128.632 3.126356
128.642 3.121136
128.652 3.112926
128.662 3.107729
128.672 3.097997
128.683 3.093412
128.693 3.087377
128.703 3.085122
128.713 3.081923
128.723 3.080997
128.733 3.078309
128.743 3.076725
128.753 3.076872
128.763 3.075888
128.773 3.075084
128.783 3.071025
128.793 3.074379
128.803 3.075635
128.813 3.072571
128.823 3.071061
128.833 3.070016
128.843 3.067413
128.854 3.064764
128.864 3.066985
128.874 3.071545
128.884 3.070773
128.894 3.075129
128.904 3.076627
128.914 3.078690
128.924 3.075834
128.934 3.078137
128.944 3.079834
128.954 3.080096
128.964 3.084355
128.974 3.088721
128.984 3.096547
128.994 3.104056
129.004 3.121098
129.014 3.127921
129.024 3.120917
129.034 3.138148
129.044 3.131759
129.054 3.129193
129.064 3.137617
129.074 3.141087
129.084 3.149086
129.094 3.155660
129.104 3.165543
129.114 3.175961
129.124 3.184405
129.134 3.191513
129.144 3.197319
129.154 3.200960
129.164 3.206646
129.174 3.215066
129.184 3.219145
129.195 3.227168
129.205 3.235454
129.215 3.243707
129.225 3.252342
129.235 3.260625
129.245 3.264441
129.255 3.272237
129.265 3.280653
129.275 3.279151
129.285 3.281280
129.295 3.286082
129.305 3.293472
129.315 3.298121
129.325 3.303899
129.335 3.306992
129.345 3.310544
129.355 3.311485
129.366 3.314026
129.376 3.317270
129.386 3.322000
129.396 3.322696
129.406 3.326418
129.416 3.326818
129.426 3.327202
129.436 3.330785
129.446 3.337862
129.456 3.336095
129.466 3.333349
129.476 3.331592
129.486 3.326616
129.496 3.331055
129.506 3.332588
129.516 3.338369
129.526 3.331420
129.536 3.322229
129.546 3.322985
129.556 3.326755
129.566 3.330066
129.576 3.329474
129.586 3.325059
129.596 3.315982
129.606 3.308269
129.616 3.309476
129.626 3.307383
129.636 3.304882
129.646 3.299880
129.656 3.292312
129.666 3.291454
129.676 3.289337
129.686 3.289060
129.696 3.282226
129.707 3.267907
129.717 3.257797
129.727 3.254827
129.737 3.255461
129.747 3.256025
129.757 3.253420
129.767 3.251164
129.777 3.247061
129.787 3.240733
129.797 3.231521
129.807 3.222213
129.817 3.216198
129.827 3.206802
129.837 3.200385
129.847 3.190657
129.857 3.184942
129.867 3.173808
129.878 3.169336
129.888 3.167243
129.898 3.158941
129.908 3.156132
129.918 3.145252
129.928 3.139344
129.938 3.132748
129.948 3.127454
129.958 3.121965
129.968 3.119834
129.978 3.117498
129.988 3.113712
129.998 3.111071
130.008 3.107800
130.018 3.106780
130.028 3.103542
130.038 3.099236
130.048 3.098980
130.058 3.096704
130.068 3.094085
130.078 3.091051
130.088 3.088290
130.098 3.087701
130.108 3.086697
130.118 3.085517
130.128 3.088321
130.138 3.088192
130.148 3.089248
130.158 3.090813
130.168 3.091713
130.178 3.091827
130.188 3.093053
130.198 3.092255
130.208 3.092964
130.219 3.093516
130.229 3.098873
130.239 3.098383
130.249 3.100382
130.259 3.102825
130.269 3.107636
130.279 3.114228
130.289 3.116001
130.299 3.123212
130.309 3.131854
130.319 3.142942
130.329 3.143574
130.339 3.143314
130.349 3.152483
130.359 3.145914
130.369 3.146932
130.379 3.153555
130.390 3.163021
130.400 3.168251
130.410 3.178270
130.420 3.185248
130.430 3.190908
130.440 3.197341
130.450 3.205193
130.460 3.209093
130.470 3.210520
130.480 3.214956
130.490 3.221021
130.500 3.224887
130.510 3.231288
130.520 3.238931
130.530 3.246379
130.540 3.253078
130.550 3.260532
130.560 3.266530
130.570 3.270524
130.580 3.275447
130.590 3.275778
130.600 3.281620
130.610 3.283569
130.620 3.289853
130.630 3.294396
130.640 3.296422
130.650 3.299255
130.660 3.301112
130.670 3.302286
130.680 3.304396
130.690 3.304184
130.700 3.305328
130.710 3.308978
130.720 3.312568
130.731 3.314068
130.741 3.314906
130.751 3.313508
130.761 3.313137
130.771 3.313004
130.781 3.317578
130.791 3.321101
130.801 3.321688
130.811 3.315774
130.821 3.314619
130.831 3.315943
130.841 3.314942
130.851 3.313512
130.861 3.307838
130.871 3.306138
130.881 3.303184
130.891 3.299135
130.902 3.299077
130.912 3.307855
130.922 3.306059
130.932 3.296356
130.942 3.289582
130.952 3.287974
130.962 3.284833
130.972 3.279729
130.982 3.272543
130.992 3.264235
131.002 3.257061
131.012 3.255263
131.022 3.256011
131.032 3.252451
131.042 3.248693
131.052 3.240018
131.062 3.232846
131.072 3.230775
131.082 3.233894
131.092 3.233806
131.102 3.229882
131.112 3.221949
131.122 3.216739
131.132 3.210696
131.142 3.204218
131.152 3.197106
131.162 3.192404
131.172 3.179013
131.182 3.172771
131.192 3.166542
131.202 3.161115
131.212 3.157531
131.222 3.157823
131.232 3.145971
131.243 3.143553
131.253 3.137779
131.263 3.130347
131.273 3.124621
131.283 3.123549
131.293 3.123967
131.303 3.124562
131.313 3.123850
131.323 3.124471
131.333 3.123236
131.343 3.119978
131.353 3.117533
131.363 3.118193
131.373 3.115531
131.383 3.110828
131.393 3.108174
131.403 3.106211
131.414 3.105327
131.424 3.105587
131.434 3.106156
131.444 3.102930
131.454 3.102597
131.464 3.104504
131.474 3.108217
131.484 3.112894
131.494 3.115566
131.504 3.117098
131.514 3.119442
131.524 3.118393
131.534 3.117088
131.544 3.115857
131.554 3.116163
131.564 3.119139
131.574 3.125414
131.584 3.133648
131.594 3.142781
131.604 3.150115
131.614 3.171256
131.624 3.156723
131.634 3.162860
131.644 3.151735
131.654 3.153570
131.664 3.158067
131.674 3.162898
131.684 3.170010
131.694 3.175140
131.704 3.181883
131.714 3.191464
131.724 3.198072
131.734 3.204570
131.744 3.204510
131.755 3.205944
131.765 3.212102
131.775 3.218369
131.785 3.223665
131.795 3.231664
131.805 3.237278
131.815 3.242882
131.825 3.247240
131.835 3.248839
131.845 3.248548
131.855 3.253914
131.865 3.256191
131.875 3.261133
131.885 3.266338
131.895 3.271210
131.905 3.273091
131.915 3.277044
131.926 3.278986
131.936 3.280906
131.946 3.281029
131.956 3.283198
131.966 3.288161
131.976 3.292675
131.986 3.295208
131.996 3.296962
132.006 3.298442
132.016 3.301487
132.026 3.301022
132.036 3.299878
132.046 3.299538
132.056 3.295761
132.066 3.299552
132.076 3.309013
132.086 3.306417
132.096 3.303669
132.106 3.293936
132.116 3.290946
132.126 3.292857
132.136 3.297852
132.146 3.300631
132.156 3.300688
132.166 3.298367
132.176 3.298491
132.186 3.293548
132.196 3.289225
132.206 3.284300
132.216 3.279881
132.226 3.279291
132.236 3.279091
132.246 3.274336
132.256 3.271158
132.267 3.266907
132.277 3.261696
132.287 3.260576
132.297 3.260812
132.307 3.256074
132.317 3.251611
132.327 3.241847
132.337 3.236290
132.347 3.236683
132.357 3.237377
132.367 3.238741
132.377 3.238050
132.387 3.232991
132.397 3.224478
132.407 3.218759
132.417 3.211171
132.427 3.203062
132.438 3.190271
132.448 3.186147
132.458 3.188621
132.468 3.186654
132.478 3.187874
132.488 3.183296
132.498 3.176767
132.508 3.168664
132.518 3.162809
132.528 3.156789
132.538 3.152727
132.548 3.148917
132.558 3.144629
132.568 3.145826
132.578 3.147066
132.588 3.147141
132.598 3.148796
132.608 3.146588
132.618 3.142124
132.628 3.135063
132.638 3.132993
132.648 3.131503
132.658 3.127520
132.668 3.125867
132.678 3.121929
132.688 3.118243
132.698 3.119103
132.708 3.120379
132.718 3.119330
132.728 3.120481
132.738 3.125166
132.748 3.130490
132.758 3.133838
132.768 3.131594
132.779 3.129361
132.789 3.126946
132.799 3.130833
132.809 3.133648
132.819 3.137270
132.829 3.138563
132.839 3.137917
132.849 3.141818
132.859 3.143023
132.869 3.144813
132.879 3.148574
132.889 3.151715
132.899 3.155962
132.909 3.169835
132.919 3.167113
132.929 3.166575
132.939 3.151443
132.950 3.178826
132.960 3.178610
132.970 3.183188
132.980 3.187137
132.990 3.187182
133.000 3.183948
133.010 3.187180
133.020 3.191450
133.030 3.198412
133.040 3.204375
133.050 3.213444
133.060 3.218943
133.070 3.224526
133.080 3.228608
133.090 3.231870
133.100 3.234544
133.110 3.234766
133.120 3.241139
133.130 3.245258
133.140 3.247087
133.150 3.252249
133.160 3.256153
133.170 3.257459
133.180 3.259804
133.190 3.263351
133.200 3.266155
133.210 3.269083
133.220 3.273020
133.230 3.276178
133.240 3.276813
133.250 3.276797
133.260 3.274783
133.270 3.276376
133.280 3.278329
133.291 3.280341
133.301 3.283536
133.311 3.288839
133.321 3.291034
133.331 3.293375
133.341 3.296171
133.351 3.292618
133.361 3.291453
133.371 3.293616
133.381 3.293303
133.391 3.293905
133.401 3.287621
133.411 3.285304
133.421 3.280566
133.431 3.279495
133.441 3.281199
133.451 3.285168
133.462 3.283361
133.472 3.283812
133.482 3.281646
133.492 3.277668
133.502 3.267582
133.512 3.267904
133.522 3.261685
133.532 3.261507
133.542 3.261543
133.552 3.263605
133.562 3.261020
133.572 3.259325
133.582 3.255510
133.592 3.248598
133.602 3.247743
133.612 3.245890
133.622 3.244992
133.632 3.240467
133.642 3.234026
133.652 3.232995
133.662 3.232713
133.672 3.226723
133.682 3.224766
133.692 3.215821
133.702 3.208475
133.712 3.204287
133.722 3.198569
133.732 3.188650
133.742 3.186123
133.752 3.189184
133.762 3.184676
133.772 3.188351
133.782 3.184176
133.792 3.183302
133.803 3.177668
133.813 3.172160
133.823 3.168166
133.833 3.164910
133.843 3.162081
133.853 3.161181
133.863 3.157522
133.873 3.153999
133.883 3.151741
133.893 3.151405
133.903 3.151613
133.913 3.151285
133.923 3.148321
133.933 3.146476
133.943 3.143328
133.953 3.140180
133.963 3.143451
133.974 3.139354
133.984 3.138089
133.994 3.137100
134.004 3.137796
134.014 3.140063
134.024 3.141519
134.034 3.144119
134.044 3.145041
134.054 3.146024
134.064 3.145345
134.074 3.148208
134.084 3.148059
134.094 3.144496
134.104 3.145627
134.114 3.148805
134.124 3.148300
134.134 3.150289
134.144 3.150820
134.154 3.154518
134.164 3.157655
134.174 3.161377
134.184 3.165789
134.194 3.168817
134.204 3.181143
134.214 3.179630
134.224 3.182299
134.234 3.177742
134.244 3.179368
134.254 3.182146
134.264 3.184500
134.274 3.191259
134.284 3.187092
134.294 3.194388
134.304 3.203962
134.315 3.205552
134.325 3.211974
134.335 3.212841
134.345 3.214107
134.355 3.217034
134.365 3.220126
134.375 3.223624
134.385 3.227194
134.395 3.238346
134.405 3.239315
134.415 3.245552
134.425 3.247152
134.435 3.247821
134.445 3.251230
134.455 3.253390
134.465 3.255109
134.475 3.256377
134.486 3.255868
134.496 3.258756
134.506 3.261931
134.516 3.265386
134.526 3.270550
134.536 3.272328
134.546 3.275021
134.556 3.276249
134.566 3.277376
134.576 3.274605
134.586 3.272545
134.596 3.276693
134.606 3.280548
134.616 3.279618
134.626 3.281657
134.636 3.278779
134.646 3.274726
134.656 3.274672
134.666 3.275596
134.676 3.275749
134.686 3.277800
134.696 3.280914
134.706 3.278828
134.716 3.270478
134.726 3.269356
134.736 3.268483
134.746 3.267370
134.756 3.267472
134.766 3.262751
134.776 3.260356
134.786 3.261709
134.796 3.262503
134.806 3.266993
134.816 3.270246
134.827 3.264670
134.837 3.252806
134.847 3.249565
134.857 3.246360
134.867 3.243123
134.877 3.241086
134.887 3.240629
134.897 3.240035
134.907 3.236978
134.917 3.238955
134.927 3.236252
134.937 3.235321
134.947 3.231312
134.957 3.226825
134.967 3.221097
134.977 3.216140
134.987 3.201817
134.998 3.198331
135.008 3.197424
135.018 3.180711
135.028 3.193035
135.038 3.190840
135.048 3.191569
135.058 3.187185
135.068 3.186214
135.078 3.183275
135.088 3.179965
135.098 3.178301
135.108 3.175812
135.118 3.175788
135.128 3.175569
135.138 3.173727
135.148 3.169700
135.158 3.164050
135.168 3.161274
135.178 3.161539
135.188 3.158706
135.198 3.156418
135.208 3.156368
135.218 3.155761
135.228 3.156529
135.238 3.156821
135.248 3.154264
135.258 3.146661
135.268 3.142304
135.278 3.144540
135.288 3.147247
135.298 3.150641
135.308 3.155802
135.318 3.160096
135.328 3.156238
135.339 3.153935
135.349 3.156394
135.359 3.158088
135.369 3.158460
135.379 3.157778
135.389 3.158477
135.399 3.159864
135.409 3.161357
135.419 3.164186
135.429 3.168074
135.439 3.170807
135.449 3.173853
135.459 3.177476
135.469 3.177050
135.479 3.178889
135.489 3.178348
135.499 3.188840
135.510 3.200115
135.520 3.195476
135.530 3.201784
135.540 3.191250
135.550 3.171729
135.560 3.198322
135.570 3.193776
135.580 3.198473
135.590 3.205052
135.600 3.207863
135.610 3.211122
135.620 3.214839
135.630 3.221640
135.640 3.221809
135.650 3.225354
135.660 3.226015
135.670 3.228847
135.680 3.235235
135.690 3.238176
135.700 3.242947
135.710 3.248714
135.720 3.253000
135.730 3.256206
135.740 3.255728
135.750 3.251248
135.760 3.249481
135.770 3.249272
135.780 3.249731
135.790 3.252440
135.800 3.256006
135.810 3.259603
135.820 3.261777
135.830 3.264468
135.840 3.267241
135.851 3.268094
135.861 3.269128
135.871 3.267291
135.881 3.266327
135.891 3.265982
135.901 3.268135
135.911 3.272791
135.921 3.273522
135.931 3.275627
135.941 3.278005
135.951 3.274954
135.961 3.272511
135.971 3.267596
135.981 3.265287
135.991 3.265442
136.001 3.267394
136.011 3.263296
136.022 3.265177
136.032 3.263194
136.042 3.261952
136.052 3.259206
136.062 3.254205
136.072 3.249075
136.082 3.245409
136.092 3.245048
136.102 3.245761
136.112 3.244477
136.122 3.243462
136.132 3.242936
136.142 3.239145
136.152 3.236125
136.162 3.233994
136.172 3.232062
136.182 3.234158
136.192 3.238776
136.202 3.234053
136.212 3.229238
136.222 3.227257
136.232 3.221194
136.242 3.219171
136.252 3.219906
136.262 3.218309
136.272 3.216622
136.282 3.212058
