14.464 -8.692624
14.474 -8.690897
14.484 -8.685256
14.494 -8.680526
14.504 -8.682936
14.514 -8.683915
14.524 -8.676525
14.534 -8.668707
14.544 -8.657898
14.554 -8.657112
14.564 -8.656809
14.574 -8.661207
14.584 -8.665506
14.594 -8.668185
14.604 -8.672639
14.614 -8.669220
14.624 -8.671740
14.635 -8.677548
14.645 -8.677378
14.655 -8.675903
14.665 -8.678636
14.675 -8.689385
14.685 -8.691856
14.695 -8.698442
14.705 -8.705880
14.715 -8.712738
14.725 -8.716372
14.735 -8.723369
14.745 -8.729346
14.755 -8.736398
14.765 -8.738190
14.775 -8.738301
14.785 -8.744436
14.795 -8.745238
14.806 -8.744207
14.816 -8.770392
14.826 -8.762514
14.836 -8.766395
14.846 -8.768440
14.856 -8.769921
14.866 -8.777867
14.876 -8.795800
14.886 -8.803815
14.896 -8.806254
14.906 -8.799991
14.916 -8.800257
14.926 -8.805778
14.936 -8.815384
14.946 -8.813637
14.956 -8.805456
14.966 -8.803647
14.976 -8.809123
14.986 -8.813444
14.996 -8.810669
15.006 -8.813086
15.016 -8.816399
15.026 -8.820596
15.036 -8.821703
15.046 -8.824423
15.056 -8.831870
15.066 -8.836895
15.076 -8.827729
15.086 -8.817993
15.096 -8.812261
15.106 -8.811590
15.116 -8.812354
15.126 -8.812055
15.136 -8.814149
15.147 -8.811524
15.157 -8.808485
15.167 -8.811094
15.177 -8.811926
15.187 -8.813402
15.197 -8.816973
15.207 -8.828009
15.217 -8.825480
15.227 -8.816655
15.237 -8.813199
15.247 -8.815390
15.257 -8.814431
15.267 -8.813915
15.277 -8.815491
15.287 -8.808815
15.297 -8.798811
15.307 -8.794073
15.318 -8.794653
15.328 -8.795982
15.338 -8.795360
15.348 -8.796558
15.358 -8.796177
15.368 -8.797241
15.378 -8.799609
15.388 -8.797101
15.398 -8.797925
15.408 -8.795897
15.418 -8.804503
15.428 -8.815500
15.438 -8.815779
15.448 -8.804747
15.458 -8.799897
15.468 -8.798968
15.478 -8.807848
15.488 -8.814883
15.498 -8.811893
15.508 -8.815871
15.518 -8.817924
15.528 -8.820346
15.538 -8.829467
15.548 -8.843235
15.558 -8.830098
15.568 -8.838788
15.578 -8.835447
15.588 -8.829667
15.598 -8.827520
15.608 -8.830679
15.618 -8.833204
15.628 -8.827313
15.638 -8.824687
15.648 -8.828488
15.659 -8.828017
15.669 -8.825322
15.679 -8.824741
15.689 -8.836062
15.699 -8.841988
15.709 -8.832628
15.719 -8.831328
15.729 -8.832073
15.739 -8.838734
15.749 -8.836091
15.759 -8.833788
15.769 -8.835217
15.779 -8.837007
15.789 -8.835197
15.799 -8.831828
15.809 -8.830158
15.819 -8.838328
15.830 -8.844305
15.840 -8.847614
15.850 -8.851981
15.860 -8.861953
15.870 -8.855188
15.880 -8.856204
15.890 -8.862832
15.900 -8.860412
15.910 -8.855381
15.920 -8.863123
15.930 -8.856051
15.940 -8.863935
15.950 -8.871191
15.960 -8.873894
15.970 -8.873986
15.980 -8.879391
15.990 -8.887590
16.000 -8.885007
16.010 -8.886900
16.020 -8.884365
16.030 -8.876300
16.040 -8.871816
16.050 -8.872321
16.060 -8.879193
16.070 -8.884414
16.080 -8.880662
16.090 -8.875280
16.100 -8.865072
16.110 -8.874691
16.120 -8.880209
16.130 -8.881109
16.140 -8.881575
16.150 -8.887923
16.160 -8.894552
16.171 -8.895252
16.181 -8.892798
16.191 -8.890763
16.201 -8.881614
16.211 -8.874527
16.221 -8.866877
16.231 -8.862007
16.241 -8.859087
16.251 -8.853089
16.261 -8.858254
16.271 -8.858947
16.281 -8.863020
16.291 -8.857276
16.301 -8.862937
16.311 -8.872218
16.321 -8.885366
16.331 -8.894730
16.342 -8.897157
16.352 -8.895451
16.362 -8.894556
16.372 -8.902950
16.382 -8.910313
16.392 -8.904283
16.402 -8.888871
16.412 -8.878354
16.422 -8.874170
16.432 -8.878914
16.442 -8.881876
16.452 -8.887832
16.462 -8.896149
16.472 -8.895761
16.482 -8.897720
16.492 -8.877345
16.502 -8.868743
16.512 -8.869949
16.522 -8.884625
16.532 -8.889039
16.542 -8.901618
16.552 -8.912518
16.562 -8.912703
16.572 -8.926096
16.582 -8.932144
16.592 -8.943441
16.602 -8.939908
16.612 -8.936230
16.622 -8.915323
16.632 -8.902400
16.642 -8.886400
16.652 -8.881610
16.662 -8.880143
16.672 -8.890758
16.683 -8.894762
16.693 -8.894959
16.703 -8.893959
16.713 -8.896681
16.723 -8.905432
16.733 -8.892883
16.743 -8.900922
16.753 -8.907875
16.763 -8.911661
16.773 -8.908259
16.783 -8.902029
16.793 -8.898742
16.803 -8.903317
16.813 -8.914263
16.823 -8.920359
16.833 -8.920046
16.843 -8.917047
16.854 -8.915708
16.864 -8.916708
16.874 -8.915645
16.884 -8.914489
16.894 -8.911640
16.904 -8.910358
16.914 -8.909030
16.924 -8.909708
16.934 -8.910521
16.944 -8.916348
16.954 -8.917745
16.964 -8.914278
16.974 -8.906328
16.984 -8.902091
16.994 -8.903140
17.004 -8.888953
17.014 -8.908711
17.024 -8.909459
17.034 -8.910430
17.044 -8.913406
17.054 -8.911208
17.064 -8.919651
17.074 -8.927249
17.084 -8.927575
17.094 -8.927958
17.104 -8.926617
17.114 -8.924744
17.124 -8.926525
17.134 -8.926511
17.144 -8.928847
17.154 -8.932082
17.164 -8.931796
17.174 -8.930191
17.184 -8.929438
17.195 -8.928738
17.205 -8.925104
17.215 -8.925336
17.225 -8.925110
17.235 -8.925302
17.245 -8.926664
17.255 -8.933866
17.265 -8.936719
17.275 -8.939649
17.285 -8.939675
17.295 -8.944093
17.305 -8.946741
17.315 -8.946047
17.325 -8.947255
17.335 -8.944819
17.345 -8.942824
17.355 -8.942708
17.366 -8.944853
17.376 -8.942933
17.386 -8.939567
17.396 -8.943538
17.406 -8.947964
17.416 -8.952400
17.426 -8.948968
17.436 -8.944177
17.446 -8.945656
17.456 -8.946910
17.466 -8.943175
17.476 -8.943473
17.486 -8.941873
17.496 -8.944862
17.506 -8.946768
17.516 -8.950348
17.526 -8.953419
17.536 -8.947549
17.546 -8.944177
17.556 -8.947428
17.566 -8.951297
17.576 -8.951540
17.586 -8.950278
17.596 -8.959680
17.606 -8.958250
17.616 -8.956600
17.626 -8.960064
17.636 -8.964024
17.646 -8.961478
17.656 -8.964335
17.666 -8.961629
17.676 -8.964886
17.686 -8.965116
17.696 -8.962010
17.707 -8.960262
17.717 -8.963374
17.727 -8.967982
17.737 -8.974724
17.747 -8.976583
17.757 -8.969496
17.767 -8.964695
17.777 -8.964749
17.787 -8.963640
17.797 -8.965107
17.807 -8.968030
17.817 -8.971268
17.827 -8.971758
17.837 -8.970202
17.847 -8.972415
17.857 -8.972916
17.867 -8.973834
17.878 -8.980724
17.888 -8.982565
17.898 -8.980637
17.908 -8.973579
17.918 -8.971432
17.928 -8.972473
17.938 -8.972525
17.948 -8.969079
17.958 -8.970379
17.968 -8.969514
17.978 -8.971842
17.988 -8.971116
17.998 -8.971789
18.008 -8.969231
18.018 -8.972488
18.028 -8.977196
18.038 -8.981053
18.048 -8.981024
18.058 -8.979447
18.068 -8.982573
18.078 -8.982275
18.088 -8.982708
18.098 -8.985077
18.108 -8.985467
18.118 -8.983050
18.128 -8.983121
18.138 -8.988999
18.148 -8.991972
18.158 -8.991971
18.168 -8.991137
18.178 -8.988463
18.188 -8.990312
18.198 -8.993211
18.208 -8.995676
18.219 -8.992444
18.229 -8.993718
18.239 -8.993467
18.249 -8.994350
18.259 -8.991812
18.269 -8.993952
18.279 -8.995183
18.289 -8.996670
18.299 -8.994194
18.309 -8.993575
18.319 -8.994777
18.329 -8.995192
18.339 -8.995252
18.349 -8.997000
18.359 -9.000892
18.369 -9.000976
18.379 -9.003498
18.390 -9.001325
18.400 -9.004321
18.410 -9.005683
18.420 -9.006736
18.430 -9.006722
18.440 -9.005934
18.450 -9.004987
18.460 -9.009476
18.470 -9.009979
18.480 -9.008715
18.490 -9.006917
18.500 -9.006512
18.510 -9.007957
18.520 -9.013688
18.530 -9.019495
18.540 -9.020957
18.550 -9.019516
18.560 -9.017783
18.570 -9.018323
18.580 -9.018559
18.590 -9.018244
18.600 -9.019705
18.610 -9.025132
18.620 -9.023181
18.630 -9.016514
18.640 -9.014695
18.650 -9.016833
18.660 -9.014478
18.670 -9.014910
18.680 -9.017732
18.690 -9.021705
18.700 -9.025139
18.710 -9.026226
18.720 -9.026578
18.731 -9.028297
18.741 -9.027428
18.751 -9.027714
18.761 -9.031470
18.771 -9.032392
18.781 -9.032982
18.791 -9.034390
18.801 -9.034498
18.811 -9.034864
18.821 -9.029598
18.831 -9.027631
18.841 -9.032000
18.851 -9.035272
18.861 -9.037725
18.871 -9.037328
18.881 -9.037869
18.891 -9.039327
18.902 -9.038256
18.912 -9.038113
18.922 -9.036090
18.932 -9.035498
18.942 -9.033801
18.952 -9.037593
18.962 -9.036485
18.972 -9.035575
18.982 -9.037217
18.992 -9.041414
19.002 -9.041721
19.012 -9.042340
19.022 -9.042262
19.032 -9.045368
19.042 -9.045756
19.052 -9.045103
19.062 -9.043060
19.072 -9.048256
19.082 -9.051365
19.092 -9.053646
19.102 -9.053721
19.112 -9.048986
19.122 -9.048648
19.132 -9.055212
19.142 -9.060694
19.152 -9.059977
19.162 -9.054330
19.172 -9.056254
19.182 -9.061588
19.192 -9.062623
19.202 -9.059902
19.212 -9.056829
19.222 -9.057890
19.232 -9.061482
19.243 -9.064220
19.253 -9.068337
19.263 -9.068890
19.273 -9.068310
19.283 -9.073216
19.293 -9.067956
19.303 -9.060932
19.313 -9.061501
19.323 -9.062790
19.333 -9.055469
19.343 -9.051032
19.353 -9.048341
19.363 -9.046352
19.373 -9.048450
19.383 -9.050399
19.393 -9.055493
19.403 -9.054480
19.414 -9.052927
19.424 -9.055955
19.434 -9.061611
19.444 -9.065630
19.454 -9.064906
19.464 -9.066802
19.474 -9.068396
19.484 -9.073622
19.494 -9.070078
19.504 -9.075657
19.514 -9.078269
19.524 -9.084220
19.534 -9.083244
19.544 -9.080676
19.554 -9.077309
19.564 -9.076219
19.574 -9.075024
19.584 -9.072464
19.594 -9.073790
19.604 -9.073053
19.614 -9.076421
19.624 -9.074723
19.634 -9.074274
19.644 -9.081048
19.654 -9.083228
19.664 -9.082283
19.674 -9.079062
19.684 -9.077383
19.694 -9.078040
19.704 -9.082146
19.714 -9.080154
19.724 -9.080761
19.734 -9.078422
19.744 -9.083267
19.755 -9.085483
19.765 -9.086292
19.775 -9.084506
19.785 -9.087390
19.795 -9.088488
19.805 -9.090060
19.815 -9.088493
19.825 -9.091563
19.835 -9.094270
19.845 -9.099904
19.855 -9.101067
19.865 -9.104011
19.875 -9.099945
19.885 -9.093505
19.895 -9.089694
19.905 -9.093391
19.915 -9.097692
19.926 -9.099398
19.936 -9.094410
19.946 -9.090356
19.956 -9.090679
19.966 -9.093695
19.976 -9.097406
19.986 -9.100628
19.996 -9.106357
20.006 -9.111352
20.016 -9.108787
20.026 -9.102489
20.036 -9.100659
20.046 -9.104292
20.056 -9.108577
20.066 -9.106522
20.076 -9.106122
20.086 -9.106152
20.096 -9.107931
20.106 -9.109114
20.116 -9.111788
20.126 -9.113969
20.136 -9.117625
20.146 -9.116894
20.156 -9.115153
20.166 -9.115935
20.176 -9.111967
20.186 -9.110468
20.196 -9.112537
20.206 -9.114341
20.216 -9.118446
20.226 -9.116505
20.236 -9.117530
20.246 -9.116483
20.256 -9.116118
20.267 -9.112825
20.277 -9.110046
20.287 -9.111935
20.297 -9.113821
20.307 -9.112922
20.317 -9.114151
20.327 -9.119040
20.337 -9.118612
20.347 -9.114813
20.357 -9.117203
20.367 -9.122491
20.377 -9.124539
20.387 -9.125180
20.397 -9.123963
20.407 -9.122653
20.417 -9.126978
20.427 -9.128329
20.438 -9.129253
20.448 -9.127090
20.458 -9.127414
20.468 -9.127589
20.478 -9.128419
20.488 -9.132378
20.498 -9.134373
20.508 -9.131968
20.518 -9.131998
20.528 -9.133411
20.538 -9.136591
20.548 -9.139729
20.558 -9.139284
20.568 -9.138669
20.578 -9.138664
20.588 -9.139084
20.598 -9.140048
20.608 -9.139936
20.618 -9.141611
20.628 -9.143491
20.638 -9.144902
20.648 -9.141679
20.658 -9.143088
20.668 -9.143501
20.678 -9.143023
20.688 -9.147917
20.698 -9.147629
20.708 -9.142765
20.718 -9.137893
20.728 -9.140027
20.738 -9.141565
20.748 -9.143931
20.758 -9.146715
20.768 -9.145750
20.779 -9.143760
20.789 -9.143707
20.799 -9.146095
20.809 -9.148015
20.819 -9.150569
20.829 -9.154685
20.839 -9.155524
20.849 -9.149266
20.859 -9.147288
20.869 -9.154158
20.879 -9.160527
20.889 -9.159364
20.899 -9.155970
20.909 -9.153594
20.919 -9.153281
20.929 -9.157272
20.939 -9.158571
20.950 -9.162053
20.960 -9.160324
20.970 -9.159827
20.980 -9.161623
20.990 -9.163272
21.000 -9.167603
21.010 -9.168158
21.020 -9.170376
21.030 -9.170418
21.040 -9.167762
21.050 -9.170433
21.060 -9.173286
21.070 -9.168027
21.080 -9.163519
21.090 -9.162276
21.100 -9.169942
21.110 -9.166798
21.120 -9.159122
21.130 -9.155173
21.140 -9.161483
21.150 -9.167553
21.160 -9.167100
21.170 -9.164299
21.180 -9.166043
21.190 -9.168168
21.200 -9.174077
21.210 -9.177169
21.220 -9.175887
21.230 -9.175007
21.240 -9.174157
21.250 -9.176165
21.260 -9.180202
21.270 -9.179779
21.280 -9.175559
21.291 -9.176678
21.301 -9.182914
21.311 -9.182479
21.321 -9.178709
21.331 -9.178184
21.341 -9.177660
21.351 -9.180674
21.361 -9.185565
21.371 -9.187291
21.381 -9.185084
21.391 -9.181783
21.401 -9.182227
21.411 -9.184710
21.421 -9.184920
21.431 -9.184163
21.441 -9.182517
21.451 -9.184515
21.462 -9.187653
21.472 -9.186470
21.482 -9.185497
21.492 -9.184428
21.502 -9.186036
21.512 -9.189622
21.522 -9.193394
21.532 -9.193461
21.542 -9.193799
21.552 -9.195883
21.562 -9.198357
21.572 -9.195446
21.582 -9.193158
21.592 -9.195410
21.602 -9.194565
21.612 -9.191886
21.622 -9.192401
21.632 -9.195708
21.642 -9.194315
21.652 -9.196481
21.662 -9.197162
21.672 -9.196969
21.682 -9.199513
21.692 -9.203731
21.702 -9.206095
21.712 -9.207931
21.722 -9.209110
21.732 -9.208304
21.742 -9.208182
21.752 -9.208523
21.762 -9.208064
21.772 -9.210635
21.782 -9.211833
21.792 -9.212481
21.803 -9.208793
21.813 -9.210343
21.823 -9.212388
21.833 -9.210716
21.843 -9.208199
21.853 -9.211760
21.863 -9.215992
21.873 -9.214556
21.883 -9.210535
21.893 -9.209804
21.903 -9.214118
21.913 -9.219525
21.923 -9.218318
21.933 -9.214322
21.943 -9.214214
21.953 -9.216743
21.963 -9.220907
21.974 -9.225547
21.984 -9.223368
21.994 -9.222282
22.004 -9.219619
22.014 -9.218378
22.024 -9.220893
22.034 -9.222518
22.044 -9.224246
22.054 -9.223126
22.064 -9.221737
22.074 -9.221117
22.084 -9.224343
22.094 -9.230273
22.104 -9.229398
22.114 -9.229456
22.124 -9.227978
22.134 -9.227409
22.144 -9.228518
22.154 -9.229800
22.164 -9.232867
22.174 -9.235815
22.184 -9.238133
22.194 -9.238372
22.204 -9.238286
22.214 -9.237911
22.224 -9.235335
22.234 -9.235621
22.244 -9.237204
22.254 -9.237464
22.264 -9.236403
22.274 -9.237464
22.284 -9.237982
22.294 -9.238985
22.304 -9.238636
22.315 -9.241970
22.325 -9.245075
22.335 -9.245125
22.345 -9.245777
22.355 -9.245255
22.365 -9.246298
22.375 -9.243860
22.385 -9.243872
22.395 -9.244101
22.405 -9.250020
22.415 -9.254081
22.425 -9.252585
22.435 -9.250299
22.445 -9.250091
22.455 -9.250361
22.465 -9.249561
22.475 -9.248153
22.486 -9.248451
22.496 -9.248744
22.506 -9.248741
22.516 -9.251004
22.526 -9.254411
22.536 -9.255978
22.546 -9.254721
22.556 -9.257184
22.566 -9.260447
22.576 -9.261511
22.586 -9.258423
22.596 -9.256892
22.606 -9.258436
22.616 -9.261049
22.626 -9.262746
22.636 -9.266492
22.646 -9.269690
22.656 -9.271132
22.666 -9.268679
22.676 -9.267655
22.686 -9.267819
22.696 -9.269781
22.706 -9.272690
22.716 -9.274339
22.726 -9.273156
22.736 -9.271400
22.746 -9.267638
22.756 -9.267359
22.766 -9.269108
22.776 -9.269851
22.786 -9.272532
22.796 -9.274522
22.806 -9.275568
22.816 -9.274348
22.827 -9.274112
22.837 -9.273304
22.847 -9.273873
22.857 -9.271538
22.867 -9.272174
22.877 -9.274625
22.887 -9.278147
22.897 -9.280390
22.907 -9.280861
22.917 -9.280113
22.927 -9.282710
22.937 -9.282111
22.947 -9.281311
22.957 -9.278046
22.967 -9.278044
22.977 -9.257570
22.987 -9.286367
22.998 -9.288106
23.008 -9.291241
23.018 -9.293298
23.028 -9.295048
23.038 -9.296889
23.048 -9.293766
23.058 -9.288443
23.068 -9.292815
23.078 -9.302517
23.088 -9.300748
23.098 -9.307754
23.108 -9.291529
23.118 -9.285223
23.128 -9.293739
23.138 -9.299672
23.148 -9.302194
23.158 -9.289334
23.168 -9.291812
23.178 -9.292027
23.188 -9.292757
23.198 -9.292549
23.208 -9.297902
23.218 -9.300708
23.228 -9.301725
23.238 -9.299288
23.248 -9.303513
23.258 -9.305277
23.268 -9.303094
23.278 -9.304077
23.288 -9.303040
23.298 -9.304093
23.308 -9.304315
23.318 -9.306220
23.328 -9.309926
23.339 -9.313248
23.349 -9.315615
23.359 -9.319334
23.369 -9.323465
23.379 -9.322541
23.389 -9.321647
23.399 -9.319087
23.409 -9.317585
23.419 -9.316607
23.429 -9.315983
23.439 -9.314918
23.449 -9.318489
23.459 -9.314769
23.469 -9.316101
23.479 -9.313123
23.489 -9.311395
23.499 -9.311064
23.510 -9.307929
23.520 -9.310719
23.530 -9.314002
23.540 -9.313839
23.550 -9.313873
23.560 -9.320405
23.570 -9.320406
23.580 -9.320017
23.590 -9.322577
23.600 -9.329465
23.610 -9.329415
23.620 -9.327009
23.630 -9.325583
23.640 -9.322987
23.650 -9.320053
23.660 -9.319482
23.670 -9.320866
23.680 -9.321818
23.690 -9.320197
23.700 -9.320865
23.710 -9.323458
23.720 -9.322753
23.730 -9.331874
23.740 -9.332439
23.750 -9.335571
23.760 -9.336675
23.770 -9.339920
23.780 -9.339037
23.790 -9.337766
23.800 -9.337064
23.810 -9.330379
23.820 -9.336157
23.830 -9.340580
23.840 -9.341919
23.851 -9.334793
23.861 -9.336108
23.871 -9.338885
23.881 -9.342771
23.891 -9.344343
23.901 -9.344477
23.911 -9.343847
23.921 -9.345459
23.931 -9.344510
23.941 -9.344079
23.951 -9.343789
23.961 -9.344893
23.971 -9.342389
23.981 -9.342100
23.991 -9.342338
24.001 -9.348600
24.011 -9.346164
24.022 -9.347825
24.032 -9.351815
24.042 -9.353510
24.052 -9.355863
24.062 -9.351999
24.072 -9.352032
24.082 -9.355529
24.092 -9.353870
24.102 -9.352529
24.112 -9.348334
24.122 -9.345691
24.132 -9.348938
24.142 -9.349566
24.152 -9.351106
24.162 -9.348875
24.172 -9.353019
24.182 -9.357522
24.192 -9.356551
24.202 -9.356890
24.212 -9.357208
24.222 -9.361691
24.232 -9.363815
24.242 -9.371206
24.252 -9.368470
24.262 -9.369056
24.272 -9.369909
24.282 -9.370843
24.292 -9.370681
24.302 -9.372087
24.312 -9.370328
24.322 -9.374476
24.332 -9.369062
24.342 -9.367540
24.352 -9.369558
24.363 -9.373737
24.373 -9.375549
24.383 -9.374990
24.393 -9.372795
24.403 -9.373114
24.413 -9.371935
24.423 -9.373518
24.433 -9.374381
24.443 -9.371080
24.453 -9.369081
24.463 -9.368041
24.473 -9.368670
24.483 -9.373174
24.493 -9.378499
24.503 -9.379952
24.513 -9.374638
24.523 -9.374166
24.534 -9.375918
24.544 -9.377938
24.554 -9.374507
24.564 -9.375268
24.574 -9.379302
24.584 -9.381437
24.594 -9.389036
24.604 -9.389209
24.614 -9.387125
24.624 -9.385395
24.634 -9.383633
24.644 -9.385732
24.654 -9.385763
24.664 -9.384693
24.674 -9.385834
24.684 -9.386190
24.694 -9.387898
24.704 -9.386742
24.714 -9.390185
24.724 -9.388537
24.734 -9.389612
24.744 -9.391442
24.754 -9.391057
24.764 -9.392389
24.774 -9.391628
24.784 -9.391690
24.794 -9.391087
24.804 -9.393416
24.814 -9.398072
24.824 -9.403048
24.834 -9.404760
24.844 -9.404520
24.854 -9.401624
24.864 -9.398819
24.875 -9.401960
24.885 -9.400629
24.895 -9.398132
24.905 -9.399220
24.915 -9.403839
24.925 -9.406549
24.935 -9.408372
24.945 -9.406758
24.955 -9.407081
24.965 -9.405056
24.975 -9.405682
24.985 -9.408015
24.995 -9.412254
25.005 -9.413256
25.015 -9.413508
25.025 -9.415369
25.035 -9.416573
25.046 -9.414046
25.056 -9.412641
25.066 -9.413618
25.076 -9.415075
25.086 -9.415586
25.096 -9.413646
25.106 -9.413585
25.116 -9.414921
25.126 -9.415823
25.136 -9.413507
25.146 -9.413359
25.156 -9.414283
25.166 -9.415929
25.176 -9.417448
25.186 -9.421168
25.196 -9.420819
25.206 -9.421475
25.216 -9.420425
25.226 -9.421280
25.236 -9.421520
25.246 -9.420754
25.256 -9.420124
25.266 -9.419146
25.276 -9.420871
25.286 -9.424421
25.296 -9.427971
25.306 -9.430218
25.316 -9.428192
25.326 -9.425517
25.336 -9.428666
25.346 -9.429353
25.356 -9.430273
25.366 -9.431885
25.376 -9.430027
25.387 -9.431270
25.397 -9.435447
25.407 -9.437876
25.417 -9.434476
25.427 -9.434178
25.437 -9.434215
25.447 -9.438781
25.457 -9.438936
25.467 -9.438319
25.477 -9.441989
25.487 -9.440645
25.497 -9.440198
25.507 -9.438426
25.517 -9.439425
25.527 -9.437027
25.537 -9.444073
25.547 -9.447733
25.558 -9.449072
25.568 -9.448722
25.578 -9.448262
25.588 -9.451519
25.598 -9.451799
25.608 -9.451958
25.618 -9.452028
25.628 -9.455110
25.638 -9.456052
25.648 -9.454661
25.658 -9.456468
25.668 -9.457860
25.678 -9.458858
25.688 -9.459374
25.698 -9.459993
25.708 -9.463440
25.718 -9.463657
25.728 -9.461337
25.738 -9.457959
25.748 -9.451902
25.758 -9.449408
25.768 -9.452135
25.778 -9.457400
25.788 -9.459401
25.798 -9.457249
25.808 -9.455689
25.818 -9.456927
25.828 -9.458263
25.838 -9.462146
25.848 -9.464529
25.858 -9.464998
25.868 -9.465343
25.878 -9.464952
25.888 -9.467368
25.899 -9.466642
25.909 -9.464178
25.919 -9.467307
25.929 -9.467564
25.939 -9.467160
25.949 -9.466736
25.959 -9.465668
25.969 -9.469966
25.979 -9.474873
25.989 -9.477279
25.999 -9.476430
26.009 -9.475399
26.019 -9.478550
26.029 -9.477061
26.039 -9.471870
26.049 -9.472796
26.059 -9.476186
26.070 -9.476028
26.080 -9.476605
26.090 -9.481240
26.100 -9.482995
26.110 -9.481099
26.120 -9.477942
26.130 -9.479256
26.140 -9.480184
26.150 -9.478901
26.160 -9.477931
26.170 -9.479519
26.180 -9.480861
26.190 -9.482913
26.200 -9.482708
26.210 -9.487368
26.220 -9.488611
26.230 -9.485777
26.240 -9.488406
26.250 -9.489636
26.260 -9.493519
26.270 -9.493730
26.280 -9.492630
26.290 -9.489804
26.300 -9.492529
26.310 -9.493897
26.320 -9.492323
26.330 -9.494073
26.340 -9.492837
26.350 -9.495713
26.360 -9.499529
26.370 -9.502231
26.380 -9.502587
26.390 -9.500579
26.400 -9.500639
26.411 -9.501761
26.421 -9.506634
26.431 -9.503075
26.441 -9.497068
26.451 -9.492169
26.461 -9.491570
26.471 -9.497948
26.481 -9.503176
26.491 -9.501765
26.501 -9.498207
26.511 -9.499942
26.521 -9.501291
26.531 -9.503031
26.541 -9.506497
26.551 -9.510158
26.561 -9.511286
26.571 -9.509353
26.582 -9.508625
26.592 -9.511765
26.602 -9.515644
26.612 -9.517833
26.622 -9.514634
26.632 -9.511628
26.642 -9.510125
26.652 -9.510888
26.662 -9.510036
26.672 -9.512642
26.682 -9.513594
26.692 -9.509649
26.702 -9.505183
26.712 -9.506407
26.722 -9.512747
26.732 -9.519427
26.742 -9.521536
26.752 -9.520483
26.762 -9.518808
26.772 -9.522641
26.782 -9.522819
26.792 -9.519989
26.802 -9.516999
26.812 -9.516638
26.822 -9.519530
26.832 -9.524463
26.842 -9.522606
26.852 -9.523221
26.862 -9.526723
26.872 -9.532732
26.882 -9.534811
26.892 -9.533863
26.902 -9.535403
26.912 -9.537474
26.923 -9.540919
26.933 -9.544566
26.943 -9.553137
26.953 -9.546256
26.963 -9.553623
26.973 -9.562555
26.983 -9.563175
26.993 -9.562681
27.003 -9.561009
27.013 -9.561168
27.023 -9.558052
27.033 -9.553244
27.043 -9.551875
27.053 -9.550731
27.063 -9.540832
27.073 -9.546692
27.083 -9.543854
27.094 -9.541810
27.104 -9.540829
27.114 -9.545355
27.124 -9.547098
27.134 -9.551425
27.144 -9.544275
27.154 -9.545380
27.164 -9.545590
27.174 -9.544570
27.184 -9.544544
27.194 -9.549893
27.204 -9.549916
27.214 -9.552077
27.224 -9.554947
27.234 -9.557517
27.244 -9.561723
27.254 -9.561038
27.264 -9.560441
27.274 -9.565064
27.284 -9.566626
27.294 -9.563752
27.304 -9.565334
27.314 -9.570860
27.324 -9.575100
27.334 -9.574226
27.344 -9.572032
27.354 -9.571161
27.364 -9.570666
27.374 -9.572758
27.384 -9.571423
27.394 -9.566834
27.404 -9.565129
27.414 -9.565036
27.424 -9.566756
27.435 -9.570329
27.445 -9.569268
27.455 -9.569665
27.465 -9.568832
27.475 -9.568161
27.485 -9.571166
27.495 -9.573849
27.505 -9.574323
27.515 -9.575400
27.525 -9.576281
27.535 -9.579394
27.545 -9.580330
27.555 -9.584213
27.565 -9.585371
27.575 -9.588219
27.585 -9.588076
27.595 -9.585986
27.606 -9.586148
27.616 -9.584903
27.626 -9.587165
27.636 -9.585429
27.646 -9.592239
27.656 -9.596095
27.666 -9.596312
27.676 -9.596302
27.686 -9.597378
27.696 -9.599815
27.706 -9.597115
27.716 -9.594354
27.726 -9.596640
27.736 -9.600076
27.746 -9.600450
27.756 -9.602261
27.766 -9.598912
27.776 -9.601042
27.786 -9.598711
27.796 -9.601223
27.806 -9.604746
27.816 -9.604317
27.826 -9.599109
27.836 -9.591755
27.846 -9.591068
27.856 -9.591672
27.866 -9.590536
27.876 -9.593770
27.886 -9.597508
27.896 -9.597651
27.906 -9.596419
27.916 -9.597503
27.926 -9.600868
27.936 -9.602117
27.947 -9.602772
27.957 -9.604618
27.967 -9.604549
27.977 -9.603411
27.987 -9.605259
27.997 -9.609457
28.007 -9.612709
28.017 -9.615081
28.027 -9.616715
28.037 -9.616785
28.047 -9.616619
28.057 -9.618617
28.067 -9.618634
28.077 -9.618056
28.087 -9.617753
28.097 -9.616995
28.107 -9.616237
28.118 -9.616786
28.128 -9.618996
28.138 -9.620259
28.148 -9.621191
28.158 -9.621177
28.168 -9.625735
28.178 -9.624930
28.188 -9.625969
28.198 -9.624192
28.208 -9.624284
28.218 -9.624672
28.228 -9.622164
28.238 -9.620709
28.248 -9.626167
28.258 -9.632086
28.268 -9.628836
28.278 -9.623639
28.288 -9.621578
28.298 -9.625171
28.308 -9.627559
28.318 -9.626580
28.328 -9.628389
28.338 -9.623967
28.348 -9.622380
28.358 -9.628536
28.368 -9.633397
28.378 -9.639735
28.388 -9.636703
28.398 -9.638458
28.408 -9.637671
28.418 -9.642316
28.428 -9.644930
28.438 -9.643115
28.448 -9.638516
28.459 -9.634778
28.469 -9.634476
28.479 -9.639179
28.489 -9.641449
28.499 -9.644055
28.509 -9.642943
28.519 -9.643096
28.529 -9.644142
28.539 -9.646653
28.549 -9.647813
28.559 -9.645291
28.569 -9.648921
28.579 -9.651465
28.589 -9.652044
28.599 -9.649756
28.609 -9.650045
28.619 -9.650123
28.630 -9.653170
28.640 -9.655542
28.650 -9.654261
28.660 -9.653306
28.670 -9.651823
28.680 -9.651474
28.690 -9.651631
28.700 -9.649946
28.710 -9.651083
28.720 -9.654704
28.730 -9.656308
28.740 -9.656241
28.750 -9.654557
28.760 -9.656492
28.770 -9.658857
28.780 -9.664262
28.790 -9.661695
28.800 -9.660243
28.810 -9.661972
28.820 -9.662369
28.830 -9.661108
28.840 -9.662144
28.850 -9.665787
28.860 -9.664804
28.870 -9.667409
28.880 -9.668591
28.890 -9.669600
28.900 -9.669641
28.910 -9.669749
28.920 -9.670368
28.930 -9.672196
28.940 -9.672625
28.950 -9.672650
28.960 -9.673532
28.971 -9.675661
28.981 -9.675789
28.991 -9.676939
29.001 -9.678141
29.011 -9.679224
29.021 -9.675269
29.031 -9.671939
29.041 -9.674654
29.051 -9.680784
29.061 -9.679318
29.071 -9.677836
29.081 -9.677317
29.091 -9.679719
29.101 -9.680749
29.111 -9.678894
29.121 -9.679415
29.131 -9.682330
29.142 -9.683648
29.152 -9.682863
29.162 -9.681894
29.172 -9.681744
29.182 -9.680846
29.192 -9.682683
29.202 -9.682108
29.212 -9.679551
29.222 -9.682452
29.232 -9.683605
29.242 -9.689054
29.252 -9.685681
29.262 -9.686583
29.272 -9.683168
29.282 -9.683787
29.292 -9.683636
29.302 -9.686711
29.312 -9.685421
29.322 -9.683973
29.332 -9.683333
29.342 -9.683527
29.352 -9.685050
29.362 -9.686026
29.372 -9.690227
29.382 -9.691220
29.392 -9.690083
29.402 -9.690390
29.412 -9.691578
29.422 -9.694385
29.432 -9.695851
29.442 -9.697277
29.452 -9.698093
29.462 -9.699368
29.472 -9.697630
29.483 -9.695626
29.493 -9.695978
29.503 -9.698712
29.513 -9.701690
29.523 -9.702412
29.533 -9.704666
29.543 -9.707488
29.553 -9.707782
29.563 -9.707192
29.573 -9.707219
29.583 -9.708811
29.593 -9.708645
29.603 -9.705371
29.613 -9.702946
29.623 -9.711958
29.633 -9.713641
29.643 -9.714432
29.654 -9.712201
29.664 -9.710010
29.674 -9.711777
29.684 -9.716505
29.694 -9.715559
29.704 -9.718283
29.714 -9.718163
29.724 -9.717904
29.734 -9.719043
29.744 -9.721462
29.754 -9.721532
29.764 -9.718612
29.774 -9.715227
29.784 -9.717205
29.794 -9.723269
29.804 -9.724042
29.814 -9.725247
29.824 -9.723021
29.834 -9.723330
29.844 -9.721888
29.854 -9.724246
29.864 -9.724190
29.874 -9.725098
29.884 -9.724351
29.894 -9.723222
29.904 -9.728964
29.914 -9.728259
29.924 -9.725856
29.934 -9.723156
29.944 -9.722700
29.954 -9.723669
29.964 -9.723580
29.974 -9.723826
29.984 -9.726084
29.995 -9.729752
30.005 -9.731953
30.015 -9.731538
30.025 -9.734602
30.035 -9.736090
30.045 -9.737593
30.055 -9.736169
30.065 -9.733199
30.075 -9.733283
30.085 -9.732475
30.095 -9.734339
30.105 -9.738406
30.115 -9.740991
30.125 -9.740256
30.135 -9.739054
30.145 -9.741569
30.155 -9.741635
30.166 -9.738182
30.176 -9.737718
30.186 -9.739151
30.196 -9.739425
30.206 -9.739254
30.216 -9.739594
30.226 -9.738929
30.236 -9.737340
30.246 -9.737682
30.256 -9.745100
30.266 -9.747937
30.276 -9.749423
30.286 -9.748678
30.296 -9.750803
30.306 -9.753555
30.316 -9.751433
30.326 -9.749528
30.336 -9.749133
30.346 -9.752648
30.356 -9.758678
30.366 -9.758744
30.376 -9.758648
30.386 -9.756750
30.396 -9.759226
30.406 -9.760067
30.416 -9.760907
30.426 -9.762530
30.436 -9.761988
30.446 -9.756446
30.456 -9.758259
30.466 -9.762227
30.476 -9.764648
30.486 -9.765496
30.496 -9.766983
30.507 -9.764932
30.517 -9.765416
30.527 -9.767622
30.537 -9.764824
30.547 -9.762463
30.557 -9.761469
30.567 -9.762142
30.577 -9.762655
30.587 -9.763753
30.597 -9.767774
30.607 -9.768420
30.617 -9.769263
30.627 -9.768071
30.637 -9.768393
30.647 -9.768033
30.657 -9.768892
30.667 -9.770712
30.678 -9.770801
30.688 -9.771512
30.698 -9.772346
30.708 -9.774500
30.718 -9.774754
30.728 -9.778090
30.738 -9.780761
30.748 -9.779721
30.758 -9.780371
30.768 -9.778820
30.778 -9.776713
30.788 -9.779440
30.798 -9.778516
30.808 -9.782280
30.818 -9.784140
30.828 -9.782871
30.838 -9.782721
30.848 -9.782916
30.858 -9.784747
30.868 -9.782183
30.878 -9.780042
30.888 -9.782192
30.898 -9.780932
30.908 -9.782914
30.918 -9.780806
30.928 -9.783352
30.938 -9.785373
30.948 -9.783370
30.958 -9.784362
30.968 -9.783983
30.978 -9.786423
30.988 -9.789127
30.998 -9.786561
31.008 -9.786721
31.019 -9.787929
31.029 -9.792012
31.039 -9.791571
31.049 -9.791212
31.059 -9.788014
31.069 -9.789273
31.079 -9.793395
31.089 -9.794952
31.099 -9.793639
31.109 -9.794870
31.119 -9.796964
31.129 -9.803824
31.139 -9.805268
31.149 -9.804145
31.159 -9.801208
31.169 -9.802058
31.179 -9.803078
31.190 -9.805735
31.200 -9.804968
31.210 -9.803005
31.220 -9.801418
31.230 -9.804736
31.240 -9.807748
31.250 -9.808100
31.260 -9.807322
31.270 -9.810161
31.280 -9.809174
31.290 -9.811526
31.300 -9.820415
31.310 -9.820770
31.320 -9.816611
31.330 -9.814120
31.340 -9.815625
31.350 -9.818078
31.360 -9.816763
31.370 -9.815148
31.380 -9.814070
31.390 -9.813886
31.400 -9.814421
31.410 -9.816674
31.420 -9.820597
31.430 -9.820635
31.440 -9.820266
31.450 -9.821720
31.460 -9.822192
31.470 -9.819557
31.480 -9.819136
31.490 -9.819300
31.500 -9.819517
31.510 -9.818764
31.520 -9.818669
31.531 -9.821674
31.541 -9.823417
31.551 -9.825257
31.561 -9.825123
31.571 -9.827245
31.581 -9.827491
31.591 -9.828137
31.601 -9.827413
31.611 -9.830932
31.621 -9.835103
31.631 -9.836310
31.641 -9.836145
31.651 -9.834425
31.661 -9.833752
31.671 -9.835051
31.681 -9.834176
31.691 -9.833553
31.702 -9.831778
31.712 -9.834590
31.722 -9.838267
31.732 -9.838677
31.742 -9.837241
31.752 -9.838565
31.762 -9.836809
31.772 -9.838549
31.782 -9.836104
31.792 -9.840614
31.802 -9.843696
31.812 -9.840336
31.822 -9.827708
31.832 -9.847736
31.842 -9.844003
31.852 -9.848639
31.862 -9.846438
31.872 -9.843930
31.882 -9.845162
31.892 -9.843632
31.902 -9.847825
31.912 -9.842165
31.922 -9.831741
31.932 -9.830565
31.942 -9.845631
31.952 -9.821551
31.962 -9.850955
31.972 -9.847565
31.982 -9.861298
31.992 -9.856475
32.002 -9.854136
32.012 -9.870790
32.022 -9.847804
32.032 -9.854180
32.043 -9.865303
32.053 -9.865189
32.063 -9.863326
32.073 -9.868536
32.083 -9.864199
32.093 -9.875908
32.103 -9.879892
32.113 -9.888049
32.123 -9.880682
32.133 -9.883938
32.143 -9.878028
32.153 -9.875439
32.163 -9.869862
32.173 -9.863390
32.183 -9.874666
32.193 -9.878981
32.203 -9.888236
32.214 -9.882109
32.224 -9.880766
32.234 -9.880204
32.244 -9.884540
32.254 -9.886238
32.264 -9.887655
32.274 -9.881030
32.284 -9.888196
32.294 -9.890673
32.304 -9.894688
32.314 -9.878937
32.324 -9.880824
32.334 -9.905023
32.344 -9.899123
32.354 -9.901964
32.364 -9.898822
32.374 -9.899335
32.384 -9.894549
32.394 -9.886414
32.404 -9.874740
32.414 -9.890699
32.424 -9.890330
32.434 -9.891439
32.444 -9.887530
32.454 -9.890517
32.464 -9.903577
32.474 -9.898221
32.484 -9.892440
32.494 -9.890192
32.504 -9.904458
32.514 -9.900720
32.524 -9.895571
32.534 -9.890072
32.544 -9.894383
32.555 -9.896950
32.565 -9.903351
32.575 -9.900300
32.585 -9.902472
32.595 -9.896696
32.605 -9.898084
32.615 -9.908818
32.625 -9.911965
32.635 -9.916806
32.645 -9.907275
32.655 -9.911054
32.665 -9.869160
32.675 -9.935908
32.685 -9.942343
32.695 -9.935978
32.705 -9.957649
32.715 -9.933763
32.726 -9.946041
32.736 -9.958153
32.746 -9.947505
32.756 -9.940964
32.766 -9.925576
32.776 -9.913035
32.786 -9.906361
32.796 -9.914644
32.806 -9.905358
32.816 -9.904029
32.826 -9.903614
32.836 -9.906207
32.846 -9.909515
32.856 -9.914529
32.866 -9.920866
32.876 -9.916028
32.886 -9.925690
32.896 -9.928277
32.906 -9.933564
32.916 -9.930768
32.926 -9.934224
32.936 -9.944087
32.946 -9.945441
32.956 -9.936503
32.966 -9.946885
32.976 -9.824069
32.986 -9.879653
32.996 -9.957911
33.006 -9.979786
33.016 -9.926917
33.026 -9.915624
33.036 -9.944510
33.046 -9.941625
33.056 -9.926306
33.067 -9.934432
33.077 -9.945214
33.087 -9.952196
33.097 -9.965817
33.107 -9.967024
33.117 -9.961606
33.127 -9.950404
33.137 -9.965443
33.147 -10.004368
33.157 -9.931586
33.167 -9.939155
33.177 -9.960868
33.187 -9.947817
33.197 -9.928230
33.207 -9.972229
33.217 -10.021401
33.227 -10.032023
33.238 -9.983913
33.248 -9.949810
33.258 -9.930550
33.268 -9.980147
33.278 -9.936304
33.288 -9.966581
33.298 -9.929568
33.308 -9.925803
33.318 -9.922491
33.328 -9.917634
33.338 -9.911404
33.348 -9.908359
33.358 -9.922829
33.368 -9.938868
33.378 -9.938560
33.388 -9.946037
33.398 -9.970059
33.408 -9.979387
33.418 -9.980694
33.428 -9.981038
33.438 -9.976364
33.448 -9.988543
33.458 -9.983482
33.468 -9.977543
33.478 -9.970128
33.488 -9.961653
33.498 -9.949765
33.508 -9.937689
33.518 -9.941551
33.528 -9.941892
33.538 -9.941647
33.548 -9.939454
33.558 -9.940049
33.568 -9.941988
33.579 -9.954174
33.589 -9.961094
33.599 -9.964146
33.609 -9.959278
33.619 -9.962788
33.629 -9.959546
33.639 -9.976850
33.649 -9.954563
33.659 -9.959260
33.669 -9.926477
33.679 -9.947171
33.689 -9.958888
33.699 -9.978206
33.709 -9.985725
33.719 -9.993122
33.729 -9.990979
33.739 -9.997729
33.750 -10.005546
33.760 -9.967181
33.770 -10.018224
33.780 -9.994765
33.790 -9.976962
33.800 -9.989116
33.810 -9.990433
33.820 -9.996775
33.830 -9.988211
33.840 -9.990741
33.850 -9.994135
33.860 -9.993460
33.870 -9.991272
33.880 -9.987141
33.890 -9.983062
33.900 -9.989109
33.910 -9.995503
33.920 -10.002722
33.930 -9.999833
33.940 -9.995023
33.950 -9.997822
33.960 -10.002278
33.970 -10.005306
33.980 -10.003012
33.990 -10.002367
34.000 -10.001783
34.010 -10.004603
34.020 -10.010808
34.030 -10.017532
34.040 -10.028643
34.050 -10.016721
34.060 -10.020655
34.070 -10.007373
34.080 -10.002745
34.091 -10.005564
34.101 -9.996415
34.111 -9.987731
34.121 -9.988140
34.131 -9.989315
34.141 -9.999100
34.151 -10.000443
34.161 -10.005594
34.171 -10.007487
34.181 -10.004472
34.191 -9.998529
34.201 -9.993066
34.211 -9.995921
34.221 -9.999733
34.231 -10.005046
34.241 -10.022756
34.251 -10.027594
34.262 -10.029072
34.272 -10.029252
34.282 -10.029770
34.292 -10.036214
34.302 -10.041694
34.312 -10.041645
34.322 -10.037007
34.332 -10.035044
34.342 -10.031400
34.352 -10.021713
34.362 -10.013842
34.372 -10.005543
34.382 -10.005501
34.392 -10.005500
34.402 -10.013560
34.412 -10.020821
34.422 -10.024100
34.432 -10.024881
34.442 -10.028820
34.452 -10.029047
34.462 -10.027710
34.472 -10.032981
34.482 -10.038656
34.492 -10.045158
34.502 -10.049646
34.512 -10.049060
34.522 -10.044188
34.532 -10.038872
34.542 -10.039684
34.552 -10.041283
34.562 -10.035180
34.572 -10.030833
34.582 -10.026394
34.592 -10.029566
34.603 -10.036711
34.613 -10.037604
34.623 -10.033232
34.633 -10.033268
34.643 -10.026429
34.653 -10.019094
34.663 -10.017728
34.673 -10.015018
34.683 -10.016121
34.693 -10.019835
34.703 -10.025460
34.713 -10.031064
34.723 -10.033782
34.733 -10.034665
34.743 -10.042061
34.753 -10.046944
34.763 -10.046729
34.774 -10.049326
34.784 -10.053845
34.794 -10.057290
34.804 -10.058829
34.814 -10.057476
34.824 -10.062616
34.834 -10.067026
34.844 -10.069558
34.854 -10.070798
34.864 -10.076319
34.874 -10.082416
34.884 -10.083876
34.894 -10.086116
34.904 -10.086159
34.914 -10.086082
34.924 -10.087670
34.934 -10.089783
34.944 -10.094141
34.954 -10.097390
34.964 -10.097381
34.974 -10.097402
34.984 -10.097662
34.994 -10.101349
35.004 -10.101414
35.014 -10.100857
35.024 -10.100668
35.034 -10.098488
35.044 -10.098286
35.054 -10.096666
35.064 -10.096551
35.074 -10.097437
35.084 -10.095471
35.094 -10.093667
35.104 -10.096341
35.115 -10.095758
35.125 -10.095082
35.135 -10.093358
35.145 -10.092370
35.155 -10.090134
35.165 -10.089161
35.175 -10.086320
35.185 -10.085818
35.195 -10.089328
35.205 -10.086127
35.215 -10.078034
35.225 -10.073954
35.235 -10.075356
35.245 -10.079646
35.255 -10.081062
35.265 -10.079216
35.275 -10.081299
35.286 -10.079569
35.296 -10.079971
35.306 -10.084297
35.316 -10.083396
35.326 -10.083045
35.336 -10.083031
35.346 -10.084081
35.356 -10.085043
35.366 -10.088601
35.376 -10.089390
35.386 -10.090487
35.396 -10.091418
35.406 -10.095605
35.416 -10.099951
35.426 -10.103232
35.436 -10.102051
35.446 -10.101009
35.456 -10.101099
35.466 -10.101977
35.476 -10.104487
35.486 -10.108819
35.496 -10.112084
35.506 -10.109890
35.516 -10.110506
35.526 -10.110689
35.536 -10.112158
35.546 -10.114979
35.556 -10.114726
35.566 -10.113687
35.576 -10.112338
35.586 -10.110156
35.596 -10.111121
35.606 -10.112793
35.616 -10.111547
35.627 -15.137449
35.637 -15.138161
35.647 -15.136180
35.657 -15.134398
35.667 -15.135102
35.677 -15.134468
35.687 -15.137825
35.697 -15.136932
35.707 -15.134629
35.717 -15.135173
35.727 -15.137078
35.737 -15.138113
35.747 -15.138956
35.757 -15.138751
35.767 -15.136820
35.777 -15.135050
35.787 -15.136817
35.798 -15.136985
35.808 -15.136704
35.818 -15.136496
35.828 -15.136031
35.838 -15.138012
35.848 -15.138784
35.858 -15.140084
35.868 -15.139999
35.878 -15.141493
35.888 -15.142669
35.898 -15.140807
35.908 -15.144062
35.918 -15.145591
35.928 -15.144718
35.938 -15.143741
35.948 -15.146555
35.958 -15.147201
35.968 -15.147367
35.978 -15.146789
35.988 -15.146519
35.998 -15.147583
36.008 -15.150378
36.018 -15.150002
36.028 -15.151582
36.038 -15.153100
36.048 -15.150900
36.058 -15.148204
36.068 -15.146520
36.078 -15.152718
36.088 -15.151257
36.098 -15.154625
36.108 -15.155039
36.118 -15.155055
36.128 -15.154795
36.139 -15.156270
36.149 -15.159689
36.159 -15.159184
36.169 -15.158288
36.179 -15.156800
36.189 -15.158626
36.199 -15.158503
36.209 -15.156584
36.219 -15.161799
36.229 -15.161945
36.239 -15.159276
36.249 -15.158679
36.259 -15.159592
36.269 -15.159710
36.279 -15.161265
36.289 -15.162233
36.299 -15.161855
36.310 -15.164163
36.320 -15.164712
36.330 -15.167200
36.340 -15.167492
36.350 -15.168332
36.360 -15.168002
36.370 -15.167302
36.380 -15.166094
36.390 -15.168742
36.400 -15.166630
36.410 -15.168589
36.420 -15.170622
36.430 -15.174061
36.440 -15.176135
36.450 -15.178695
36.460 -15.178998
36.470 -15.176135
36.480 -15.176092
36.490 -15.175065
36.500 -15.177905
36.510 -15.180186
36.520 -15.178412
36.530 -15.178040
36.540 -15.180480
36.550 -15.182774
36.560 -15.183041
36.570 -15.182054
36.580 -15.182289
36.590 -15.182964
36.600 -15.183913
36.610 -15.180871
36.620 -15.180397
36.630 -15.185511
36.640 -15.186849
36.651 -15.187692
36.661 -15.187683
36.671 -15.188719
36.681 -15.191016
36.691 -15.192000
36.701 -15.193020
36.711 -15.193480
36.721 -15.196949
36.731 -15.195490
36.741 -15.192580
36.751 -15.195096
36.761 -15.198396
36.771 -15.198010
36.781 -15.195989
36.791 -15.198684
36.801 -15.198506
36.811 -15.201760
36.822 -15.202738
36.832 -15.202634
36.842 -15.203077
36.852 -15.202569
36.862 -15.201272
36.872 -15.200989
36.882 -15.202948
36.892 -15.205866
36.902 -15.209560
36.912 -15.211433
36.922 -15.213273
36.932 -15.214446
36.942 -15.212540
36.952 -15.213036
36.962 -15.213503
36.972 -15.216988
36.982 -15.219470
36.992 -15.222511
37.002 -15.221257
37.012 -15.221590
37.022 -15.222403
37.032 -15.223500
37.042 -15.224698
37.052 -15.226860
37.062 -15.226610
37.072 -15.225953
37.082 -15.226900
37.092 -15.226537
37.102 -15.224790
37.112 -15.224492
37.122 -15.223567
37.132 -15.223717
37.142 -15.224667
37.152 -15.227134
37.163 -15.225089
37.173 -15.224461
37.183 -15.225949
37.193 -15.224627
37.203 -15.223336
37.213 -15.220679
37.223 -15.222240
37.233 -15.222749
37.243 -15.223711
37.253 -15.224405
37.263 -15.224195
37.273 -15.224575
37.283 -15.226001
37.293 -15.226208
37.303 -15.228820
37.313 -15.229348
37.323 -15.227505
37.334 -15.228378
37.344 -15.229317
37.354 -15.228968
37.364 -15.231142
37.374 -15.231536
37.384 -15.232359
37.394 -15.233567
37.404 -15.237297
37.414 -15.236510
37.424 -15.237458
37.434 -15.240550
37.444 -15.240931
37.454 -15.241452
37.464 -15.241188
37.474 -15.242609
37.484 -15.241876
37.494 -15.238820
37.504 -15.241499
37.514 -15.240105
37.524 -15.240071
37.534 -15.243437
37.544 -15.243533
37.554 -15.243762
37.564 -15.242377
37.574 -15.243117
37.584 -15.243135
37.594 -15.241528
37.604 -15.242818
37.614 -15.242691
37.624 -15.243290
37.634 -15.242505
37.644 -15.240459
37.654 -15.240523
37.664 -15.240990
37.675 -15.238335
37.685 -15.234166
37.695 -15.232202
37.705 -15.233891
37.715 -15.237404
37.725 -15.243331
37.735 -15.245286
37.745 -15.248682
37.755 -15.250086
37.765 -15.249053
37.775 -15.249059
37.785 -15.248942
37.795 -15.249245
37.805 -15.251498
37.815 -15.251499
37.825 -15.253573
37.835 -15.255370
37.846 -15.258563
37.856 -15.259663
37.866 -15.260774
37.876 -15.257425
37.886 -15.255713
37.896 -15.256790
37.906 -15.255376
37.916 -15.255984
37.926 -15.256024
37.936 -15.258257
37.946 -15.260131
37.956 -15.261955
37.966 -15.266217
37.976 -15.267355
37.986 -15.268022
37.996 -15.266114
38.006 -15.265587
38.016 -15.268336
38.026 -15.266696
38.036 -15.267212
38.046 -15.264759
38.056 -15.264902
38.066 -15.264289
38.076 -15.267188
38.086 -15.266906
38.096 -15.268153
38.106 -15.267906
38.116 -15.273176
38.126 -15.273133
38.136 -15.272871
38.146 -15.270649
38.156 -15.269938
38.166 -15.271077
38.176 -15.270506
38.187 -15.268820
38.197 -15.270312
38.207 -15.272575
38.217 -15.274988
38.227 -15.275060
38.237 -15.275652
38.247 -15.273754
38.257 -15.273510
38.267 -15.277079
38.277 -15.276899
38.287 -15.277176
38.297 -15.277026
38.307 -15.276168
38.317 -15.277253
38.327 -15.276434
38.337 -15.275544
38.347 -15.274847
38.358 -15.275834
38.368 -15.277453
38.378 -15.281382
38.388 -15.283305
38.398 -15.282136
38.408 -15.283366
38.418 -15.286478
38.428 -15.288466
38.438 -15.290043
38.448 -15.290051
38.458 -15.289446
38.468 -15.289811
38.478 -15.292007
38.488 -15.293121
38.498 -15.292764
38.508 -15.292933
38.518 -15.291615
38.528 -15.294040
38.538 -15.293327
38.548 -15.296035
38.558 -15.296784
38.568 -15.298508
38.578 -15.300131
38.588 -15.296785
38.598 -15.295274
38.608 -15.293432
38.618 -15.295180
38.628 -15.296516
38.638 -15.299341
38.648 -15.303997
38.658 -15.306939
38.668 -15.304913
38.678 -15.301596
38.688 -15.300230
38.699 -15.300993
38.709 -15.305418
38.719 -15.307781
38.729 -15.306950
38.739 -15.304943
38.749 -15.304826
38.759 -15.307410
38.769 -15.308718
38.779 -15.310194
38.789 -15.310420
38.799 -15.311423
38.809 -15.310437
38.819 -15.308322
38.829 -15.308290
38.839 -15.311806
38.849 -15.314919
38.859 -15.315979
38.870 -15.316288
38.880 -15.313992
38.890 -15.313227
38.900 -15.314462
38.910 -15.317943
38.920 -15.320640
38.930 -15.322278
38.940 -15.319045
38.950 -15.314349
38.960 -15.317229
38.970 -15.321037
38.980 -15.324213
38.990 -15.323276
39.000 -15.321895
39.010 -15.320662
39.020 -15.322624
39.030 -15.323311
39.040 -15.324236
39.050 -15.324382
39.060 -15.321352
39.070 -15.322141
39.080 -15.323154
39.090 -15.326593
39.100 -15.327839
39.110 -15.332304
39.120 -15.329836
39.130 -15.330568
39.140 -15.329026
39.150 -15.333745
39.160 -15.334441
39.170 -15.335169
39.180 -15.338031
39.190 -15.339325
39.200 -15.341692
39.211 -15.340731
39.221 -15.339311
39.231 -15.337016
39.241 -15.338335
39.251 -15.338312
39.261 -15.339056
39.271 -15.338524
39.281 -15.336131
39.291 -15.337495
39.301 -15.337295
39.311 -15.338267
39.321 -15.341196
39.331 -15.341609
39.341 -15.340400
39.351 -15.339252
39.361 -15.338650
39.371 -15.340168
39.382 -15.343090
39.392 -15.344375
39.402 -15.343285
39.412 -15.340733
39.422 -15.341791
39.432 -15.343171
39.442 -15.344763
39.452 -15.343579
39.462 -15.344268
39.472 -15.345330
39.482 -15.344197
39.492 -15.344733
39.502 -15.346585
39.512 -15.347962
39.522 -15.346108
39.532 -15.345301
39.542 -15.344162
39.552 -15.345921
39.562 -15.348229
39.572 -15.352352
39.582 -15.353654
39.592 -15.350399
39.602 -15.350630
39.612 -15.353879
39.622 -15.355458
39.632 -15.357568
39.642 -15.357585
39.652 -15.355788
39.662 -15.354423
39.672 -15.355099
39.682 -15.356165
39.692 -15.361146
39.702 -15.363617
39.712 -15.364045
39.723 -15.360729
39.733 -15.359078
39.743 -15.360169
39.753 -15.362562
39.763 -15.361430
39.773 -15.360829
39.783 -15.360637
39.793 -15.361755
39.803 -15.361504
39.813 -15.363357
39.823 -15.364562
39.833 -15.368320
39.843 -15.367164
39.853 -15.368166
39.863 -15.366872
39.873 -15.368071
39.883 -15.366167
39.894 -15.367992
39.904 -15.368577
39.914 -15.371345
39.924 -15.369063
39.934 -15.366624
39.944 -15.362931
39.954 -15.358227
39.964 -15.354486
39.974 -15.342767
39.984 -15.339720
39.994 -15.325291
40.004 -15.319551
40.014 -15.316406
40.024 -15.315935
40.034 -15.324481
40.044 -15.333510
40.054 -15.337885
40.064 -15.330021
40.074 -15.323438
40.084 -15.326415
40.094 -15.344807
40.104 -15.373985
40.114 -15.413098
40.124 -15.423762
40.134 -15.409176
40.144 -15.354498
40.154 -15.333542
40.164 -15.297225
40.174 -15.302250
40.184 -15.319384
40.194 -15.329096
40.204 -15.330964
40.214 -15.322583
40.224 -15.294350
40.235 -15.267783
40.245 -15.246733
40.255 -15.241470
40.265 -15.259050
40.275 -15.275008
40.285 -15.288290
40.295 -15.306852
40.305 -15.321606
40.315 -15.355145
40.325 -15.385782
40.335 -15.391837
40.345 -15.410209
40.355 -15.409237
