9.856 0 0.000000 0 0.000000
9.866 0 0.000000 0 0.000000
9.876 0 0.000000 0 0.000000
9.886 0 0.000000 0 0.000000
9.896 0 0.000000 0 0.000000
9.906 0 0.000000 0 0.000000
9.916 0 0.000000 0 0.000000
9.926 0 0.000000 0 0.000000
9.936 0 0.000000 0 0.000000
9.946 0 0.000000 0 0.000000
9.956 0 0.000000 0 0.000000
9.966 0 0.000000 0 0.000000
9.976 0 0.000000 0 0.000000
9.986 0 0.000000 0 0.000000
9.996 0 0.000000 0 0.000000
10.006 300 0.025784 300 0.025784
10.016 300 0.167597 300 0.154705
10.027 300 0.246122 300 0.234402
10.037 300 0.348087 300 0.348087
10.047 300 0.425440 300 0.399655
10.057 300 0.451224 300 0.438332
10.067 300 0.502792 300 0.477008
10.077 300 0.477008 300 0.464116
10.087 300 0.567253 300 0.528576
10.097 300 0.567253 300 0.554360
10.107 300 0.605929 300 0.554360
10.117 300 0.554360 300 0.528576
10.127 300 0.618821 300 0.580145
10.137 300 0.631713 300 0.593037
10.147 300 0.631713 300 0.593037
10.157 300 0.580145 300 0.554360
10.167 300 0.657497 300 0.605929
10.177 300 0.644605 300 0.605929
10.187 300 0.657497 300 0.618821
10.198 300 0.586005 300 0.562565
10.208 300 0.657497 300 0.631713
10.218 300 0.657497 300 0.618821
10.228 300 0.670389 300 0.631713
10.238 300 0.657497 300 0.631713
10.248 300 0.605929 300 0.567253
10.258 300 0.670389 300 0.631713
10.268 300 0.670389 300 0.644605
10.278 300 0.670389 300 0.644605
10.288 300 0.618821 300 0.567253
10.298 300 0.683282 300 0.644605
10.308 300 0.670389 300 0.631713
10.318 300 0.683282 300 0.644605
10.328 300 0.618821 300 0.580145
10.338 300 0.670389 300 0.631713
10.348 300 0.683282 300 0.644605
10.358 300 0.683282 300 0.644605
10.368 300 0.605929 300 0.580145
10.378 300 0.670389 300 0.644605
10.388 300 0.670389 300 0.631713
10.398 300 0.670389 300 0.644605
10.408 300 0.683282 300 0.644605
10.418 300 0.605929 300 0.580145
10.428 300 0.683282 300 0.644605
10.438 300 0.670389 300 0.631713
10.448 300 0.683282 300 0.657497
10.458 300 0.618821 300 0.567253
10.468 300 0.683282 300 0.644605
10.478 300 0.696174 300 0.644605
10.488 300 0.683282 300 0.657497
10.498 300 0.618821 300 0.580145
10.508 300 0.683282 300 0.644605
10.518 300 0.696174 300 0.657497
10.528 300 0.683282 300 0.644605
10.539 300 0.609445 300 0.586005
10.549 300 0.683282 300 0.644605
10.559 300 0.683282 300 0.657497
10.569 300 0.683282 300 0.644605
10.579 300 0.670389 300 0.631713
10.589 300 0.605929 300 0.580145
10.599 300 0.683282 300 0.657497
10.609 300 0.683282 300 0.644605
10.619 300 0.683282 300 0.644605
10.629 300 0.605929 300 0.580145
10.639 300 0.696174 300 0.657497
10.649 300 0.683282 300 0.644605
10.659 300 0.683282 300 0.657497
10.669 300 0.618821 300 0.580145
10.679 300 0.696174 300 0.657497
10.689 300 0.683282 300 0.644605
10.699 300 0.683282 300 0.644605
10.710 300 0.621165 300 0.586005
10.720 300 0.683282 300 0.657497
10.730 300 0.683282 300 0.631713
10.740 300 0.670389 300 0.644605
10.750 300 0.683282 300 0.657497
10.760 300 0.605929 300 0.580145
10.770 300 0.683282 300 0.644605
10.780 300 0.683282 300 0.631713
10.790 300 0.683282 300 0.657497
10.800 300 0.618821 300 0.580145
10.810 300 0.683282 300 0.644605
10.820 300 0.683282 300 0.644605
10.830 300 0.696174 300 0.644605
10.840 300 0.605929 300 0.580145
10.850 300 0.696174 300 0.644605
10.860 300 0.683282 300 0.644605
10.870 300 0.696174 300 0.644605
10.880 300 0.618821 300 0.593037
10.890 300 0.670389 300 0.644605
10.900 300 0.683282 300 0.657497
10.910 300 0.683282 300 0.644605
10.920 300 0.683282 300 0.644605
10.930 300 0.605929 300 0.580145
10.940 300 0.670389 300 0.644605
10.950 300 0.683282 300 0.657497
10.960 300 0.683282 300 0.644605
10.970 300 0.605929 300 0.580145
10.980 300 0.683282 300 0.644605
10.990 300 0.696174 300 0.644605
11.000 300 0.683282 300 0.657497
11.010 0 0.580145 0 0.541468
11.020 0 0.425440 0 0.412547
11.030 0 0.283626 0 0.257842
11.040 0 0.154705 0 0.154705
11.051 0 0.082041 0 0.082041
11.061 0 0.038676 0 0.038676
11.071 0 0.000000 0 0.012892
11.081 0 0.000000 0 0.000000
11.091 0 0.000000 0 0.000000
11.101 0 0.000000 0 0.000000
11.111 0 0.000000 0 0.000000
11.121 0 0.000000 0 0.000000
11.131 0 0.000000 0 0.000000
11.141 0 0.000000 0 0.000000
11.151 0 0.000000 0 0.000000
11.161 0 0.000000 0 0.000000
11.171 0 0.000000 0 0.000000
11.181 0 0.000000 0 0.000000
11.191 0 0.000000 0 0.000000
11.201 0 0.000000 0 0.000000
11.211 0 0.000000 0 0.000000
11.222 0 0.000000 0 0.000000
11.232 0 0.000000 0 0.000000
11.242 0 0.000000 0 0.000000
11.252 0 0.000000 0 0.000000
11.262 0 0.000000 0 0.000000
11.272 0 0.000000 0 0.000000
11.282 0 0.000000 0 0.000000
11.292 0 0.000000 0 0.000000
11.302 0 0.000000 0 0.000000
11.312 0 0.000000 0 0.000000
11.322 0 0.000000 0 0.000000
11.332 0 0.000000 0 0.000000
11.342 0 0.000000 0 0.000000
11.352 0 0.000000 0 0.000000
11.362 0 0.000000 0 0.000000
11.372 0 0.000000 0 0.000000
11.382 0 0.000000 0 0.000000
11.392 0 0.000000 0 0.000000
11.402 0 0.000000 0 0.000000
11.412 0 0.000000 0 0.000000
11.422 0 0.000000 0 0.000000
11.432 0 0.000000 0 0.000000
11.442 0 0.000000 0 0.000000
11.452 0 0.000000 0 0.000000
11.462 0 0.000000 0 0.000000
11.472 0 0.000000 0 0.000000
11.482 0 0.000000 0 0.000000
11.492 0 0.000000 0 0.000000
11.502 0 0.000000 0 0.000000
11.512 0 0.000000 0 0.000000
11.522 0 0.000000 0 0.000000
11.532 0 0.000000 0 0.000000
11.542 0 0.000000 0 0.000000
11.552 0 0.000000 0 0.000000
11.563 0 0.000000 0 0.000000
11.573 0 0.000000 0 0.000000
11.583 0 0.000000 0 0.000000
11.593 0 0.000000 0 0.000000
11.603 0 0.000000 0 0.000000
11.613 0 0.000000 0 0.000000
11.623 0 0.000000 0 0.000000
11.633 0 0.000000 0 0.000000
11.643 0 0.000000 0 0.000000
11.653 0 0.000000 0 0.000000
11.663 0 0.000000 0 0.000000
11.673 0 0.000000 0 0.000000
11.683 0 0.000000 0 0.000000
11.693 0 0.000000 0 0.000000
11.703 0 0.000000 0 0.000000
11.713 0 0.000000 0 0.000000
11.723 0 0.000000 0 0.000000
11.734 0 0.000000 0 0.000000
11.744 0 0.000000 0 0.000000
11.754 0 0.000000 0 0.000000
11.764 0 0.000000 0 0.000000
11.774 0 0.000000 0 0.000000
11.784 0 0.000000 0 0.000000
11.794 0 0.000000 0 0.000000
11.804 0 0.000000 0 0.000000
11.814 0 0.000000 0 0.000000
11.824 0 0.000000 0 0.000000
11.834 0 0.000000 0 0.000000
11.844 0 0.000000 0 0.000000
11.854 0 0.000000 0 0.000000
11.864 0 0.000000 0 0.000000
11.874 0 0.000000 0 0.000000
11.884 0 0.000000 0 0.000000
11.894 0 0.000000 0 0.000000
11.904 0 0.000000 0 0.000000
11.914 0 0.000000 0 0.000000
11.924 0 0.000000 0 0.000000
11.934 0 0.000000 0 0.000000
11.944 0 0.000000 0 0.000000
11.954 0 0.000000 0 0.000000
11.964 0 0.000000 0 0.000000
11.974 0 0.000000 0 0.000000
11.984 0 0.000000 0 0.000000
11.994 0 0.000000 0 0.000000
