160.045 4.457805
160.055 4.451883
160.065 4.458921
160.075 4.457382
160.086 4.458645
160.096 4.463826
160.106 4.461393
160.116 4.457745
160.126 4.464841
160.136 4.464804
160.146 4.465018
160.156 4.470737
160.166 4.472790
160.176 4.474602
160.186 4.465456
160.196 4.464876
160.206 4.464063
160.216 4.476410
160.226 4.480613
160.236 4.481985
160.246 4.481507
160.256 4.475550
160.266 4.479434
160.276 4.483928
160.286 4.493290
160.296 4.496524
160.306 4.491965
160.316 4.484452
160.326 4.490841
160.336 4.489749
160.346 4.485948
160.356 4.489352
160.366 4.500722
160.376 4.499757
160.386 4.493508
160.396 4.489225
160.406 4.480699
160.416 4.478960
160.427 4.484241
160.437 4.489417
160.447 4.493479
160.457 4.490017
160.467 4.490430
160.477 4.491079
160.487 4.488793
160.497 4.489971
160.507 4.491916
160.517 4.483578
160.527 4.483952
160.537 4.487072
160.547 4.487525
160.557 4.484336
160.567 4.483500
160.577 4.488439
160.587 4.490503
160.598 4.486709
160.608 4.491068
160.618 4.492671
160.628 4.490766
160.638 4.492433
160.648 4.489237
160.658 4.486452
160.668 4.492025
160.678 4.494565
160.688 4.504183
160.698 4.514886
160.708 4.508357
160.718 4.495253
160.728 4.496258
160.738 4.497076
160.748 4.503834
160.758 4.508560
160.768 4.504456
160.778 4.499091
160.788 4.494265
160.798 4.487158
160.808 4.487937
160.818 4.494276
160.828 4.502448
160.838 4.506095
160.848 4.499922
160.858 4.497241
160.868 4.497847
160.878 4.496921
160.888 4.498127
160.898 4.497125
160.908 4.493472
160.918 4.498645
160.928 4.501921
160.939 4.502025
160.949 4.506013
160.959 4.503319
160.969 4.497052
160.979 4.493957
160.989 4.500385
160.999 4.498710
161.009 4.488784
161.019 4.478344
161.029 4.479660
161.039 4.482366
161.049 4.470950
161.059 4.467999
161.069 4.487997
161.079 4.499005
161.089 4.524806
161.099 4.613744
161.110 4.760739
161.120 4.710487
161.130 4.489052
161.140 4.553599
161.150 4.405599
161.160 4.351690
161.170 4.285199
161.180 4.025093
161.190 3.848615
161.200 3.755362
161.210 3.761790
161.220 3.935324
161.230 3.744211
161.240 3.611577
161.250 3.262081
161.260 3.360484
161.270 3.459805
161.280 3.560708
161.290 3.593353
161.300 3.623507
161.310 3.531575
161.320 3.433414
161.330 3.530798
161.340 3.573901
161.350 3.395551
161.360 3.212703
161.370 3.056389
161.380 2.913325
161.390 2.934079
161.400 2.919527
161.410 2.852383
161.420 2.873464
161.430 2.879624
161.440 2.883850
161.451 2.867462
161.461 2.758291
161.471 2.720877
161.481 2.801584
161.491 2.768698
161.501 2.688852
161.511 2.463386
161.521 2.354194
161.531 2.443926
161.541 2.426584
161.551 2.338893
161.561 2.309022
161.571 2.301036
161.581 2.318223
161.591 2.194726
161.601 2.090545
161.611 2.318058
161.622 2.229044
161.632 2.105942
161.642 2.079023
161.652 2.019758
161.662 1.970405
161.672 1.927697
161.682 1.925214
161.692 1.930756
161.702 1.978141
161.712 2.018336
161.722 2.035567
161.732 2.061777
161.742 2.026773
161.752 2.015040
161.762 2.010223
161.772 2.013504
161.782 2.056244
161.792 2.098543
161.802 2.129802
161.812 2.155473
161.822 2.174369
161.832 2.203273
161.842 2.243109
161.852 2.292754
161.862 2.324125
161.872 2.362603
161.882 2.397294
161.892 2.433645
161.902 2.481184
161.912 2.518814
161.922 2.563819
161.932 2.608560
161.942 2.657234
161.952 2.696654
161.963 2.742325
161.973 2.777362
161.983 2.827172
161.993 2.876359
162.003 2.911272
162.013 2.933664
162.023 2.953158
162.033 2.981590
162.043 3.003188
162.053 3.030742
162.063 3.067812
162.073 3.119295
162.083 3.155231
162.093 3.197359
162.103 3.221629
162.113 3.235620
162.123 3.247116
162.134 3.255557
162.144 3.270803
162.154 3.307065
162.164 3.332496
162.174 3.376333
162.184 3.407366
162.194 3.441402
162.204 3.472996
162.214 3.506947
162.224 3.534463
162.234 3.537079
162.244 3.559195
162.254 3.560559
162.264 3.609443
162.274 3.610836
162.284 3.606925
162.294 3.583811
162.304 3.592360
162.314 3.617522
162.324 3.587541
162.334 3.603308
162.344 3.611781
162.354 3.592644
162.364 3.575259
162.374 3.560516
162.384 3.543020
162.394 3.533960
162.404 3.519799
162.414 3.500592
162.424 3.482909
162.434 3.468516
162.444 3.446215
162.454 3.427192
162.464 3.400582
162.475 3.360849
162.485 3.334218
162.495 3.307421
162.505 3.282021
162.515 3.257729
162.525 3.231914
162.535 3.212988
162.545 3.182557
162.555 3.151904
162.565 3.124106
162.575 3.087627
162.585 3.065094
162.595 3.034274
162.605 3.012221
162.615 2.983641
162.625 2.976476
162.635 2.924118
162.646 2.911451
162.656 2.883658
162.666 2.775269
162.676 2.688353
162.686 2.638255
162.696 2.577787
162.706 2.572139
162.716 2.582616
162.726 2.611216
162.736 2.601985
162.746 2.613667
162.756 2.620063
162.766 2.579598
162.776 2.539539
162.786 2.520113
162.796 2.450269
162.806 2.431015
162.816 2.412793
162.826 2.405611
162.836 2.416641
162.846 2.432352
162.856 2.424118
162.866 2.435838
162.876 2.438802
162.886 2.437836
162.896 2.423960
162.906 2.419959
162.916 2.405800
162.926 2.402952
162.936 2.412195
162.946 2.424777
162.956 2.442290
162.966 2.455125
162.976 2.470226
162.987 2.485593
162.997 2.502812
163.007 2.516997
163.017 2.524751
163.027 2.540923
163.037 2.523000
163.047 2.554065
163.057 2.584480
163.067 2.611337
163.077 2.639537
163.087 2.670964
163.097 2.707209
163.107 2.747598
163.117 2.791652
163.127 2.831386
163.137 2.865553
163.147 2.896675
163.158 2.917813
163.168 2.928464
163.178 2.931731
163.188 2.941801
163.198 2.950037
163.208 2.964416
163.218 2.977521
163.228 2.997748
163.238 3.020206
163.248 3.038074
163.258 3.063925
163.268 3.096086
163.278 3.136219
163.288 3.116779
163.298 3.175401
163.308 3.185489
163.318 3.251114
163.328 3.273247
163.338 3.326171
163.348 3.304732
163.358 3.258384
163.368 3.368676
163.378 3.356882
163.388 3.330458
163.398 3.419044
163.408 3.387090
163.418 3.396777
163.428 3.398734
163.438 3.383304
163.448 3.398136
163.458 3.405633
163.468 3.385016
163.478 3.397016
163.488 3.388770
163.499 3.394430
163.509 3.398387
163.519 3.382457
163.529 3.378735
163.539 3.371609
163.549 3.356686
163.559 3.350029
163.569 3.338715
163.579 3.326286
163.589 3.313606
163.599 3.295719
163.609 3.275601
163.619 3.259649
163.629 3.242364
163.639 3.229998
163.649 3.212273
163.659 3.195477
163.670 3.178886
163.680 3.172532
163.690 3.161455
163.700 3.143151
163.710 3.117114
163.720 3.090531
163.730 3.063549
163.740 3.032564
163.750 3.010373
163.760 2.999820
163.770 2.982095
163.780 2.969979
163.790 2.953646
163.800 2.935751
163.810 2.900876
163.820 2.858111
163.830 2.835094
163.840 2.800680
163.850 2.755007
163.860 2.705868
163.870 2.682661
163.880 2.643915
163.890 2.636230
163.900 2.648148
163.910 2.652740
163.920 2.677853
163.930 2.675352
163.940 2.634217
163.950 2.633212
163.960 2.579997
163.970 2.597762
163.980 2.573727
163.990 2.549833
164.000 2.582252
164.011 2.550346
164.021 2.520132
164.031 2.516886
164.041 2.506078
164.051 2.520263
164.061 2.500957
164.071 2.527849
164.081 2.536613
164.091 2.540505
164.101 2.542939
164.111 2.549509
164.121 2.552766
164.131 2.562818
164.141 2.575493
164.151 2.584830
164.161 2.591099
164.171 2.599083
164.182 2.610317
164.192 2.615674
164.202 2.659409
164.212 2.673135
164.222 2.696732
164.232 2.723450
164.242 2.746110
164.252 2.768020
164.262 2.796806
164.272 2.829508
164.282 2.854819
164.292 2.877156
164.302 2.894976
164.312 2.906794
164.322 2.923599
164.332 2.931256
164.342 2.947932
164.352 2.959100
164.362 2.977455
164.372 2.991150
164.382 3.006960
164.392 3.024182
164.402 3.038797
164.412 3.060663
164.422 3.075286
164.432 3.095782
164.442 3.116107
164.452 3.135486
164.462 3.156043
164.472 3.175092
164.482 3.187942
164.492 3.204173
164.502 3.222162
164.512 3.235239
164.523 3.247161
164.533 3.255688
164.543 3.262829
164.553 3.262674
164.563 3.248664
164.573 3.266062
164.583 3.290336
164.593 3.303299
164.603 3.310170
164.613 3.313110
164.623 3.314865
164.633 3.308141
164.643 3.295441
164.653 3.298363
164.663 3.284981
164.673 3.283217
164.683 3.272671
164.694 3.260634
164.704 3.256804
164.714 3.252723
164.724 3.245793
164.734 3.238415
164.744 3.223976
164.754 3.211032
164.764 3.196867
164.774 3.184915
164.784 3.180046
164.794 3.154479
164.804 3.136445
164.814 3.123660
164.824 3.114682
164.834 3.104867
164.844 3.084572
164.854 3.066467
164.864 3.044320
164.874 3.023981
164.884 3.006533
164.894 2.988996
164.904 2.970968
164.914 2.950802
164.924 2.930532
164.934 2.895858
164.944 2.881672
164.954 2.879894
164.964 2.873055
164.974 2.860538
164.984 2.850053
164.994 2.832162
165.004 2.806881
165.014 2.790121
165.024 2.761261
165.035 2.742214
165.045 2.728474
165.055 2.705614
165.065 2.664215
165.075 2.652012
165.085 2.633932
165.095 2.616092
165.105 2.601039
165.115 2.594886
165.125 2.593578
165.135 2.597820
165.145 2.605483
165.155 2.610859
165.165 2.612334
165.175 2.608864
165.185 2.604332
165.195 2.600145
165.206 2.597377
165.216 2.592633
165.226 2.593715
165.236 2.598219
165.246 2.603636
165.256 2.613524
165.266 2.625893
165.276 2.628912
165.286 2.631602
165.296 2.638816
165.306 2.649850
165.316 2.681249
165.326 2.689192
165.336 2.693604
165.346 2.708348
165.356 2.730336
165.366 2.754574
165.376 2.768514
165.386 2.796721
165.396 2.826048
165.406 2.851570
165.416 2.869926
165.426 2.884098
165.436 2.894474
165.446 2.906253
165.456 2.916965
165.466 2.930162
165.476 2.944234
165.486 2.952367
165.496 2.965440
165.506 2.978413
165.516 2.991944
165.526 3.016880
165.536 3.032987
165.547 3.051212
165.557 3.062489
165.567 3.077441
165.577 3.091575
165.587 3.103935
165.597 3.110121
165.607 3.122257
165.617 3.132931
165.627 3.139966
165.637 3.146705
165.647 3.161351
165.657 3.173846
165.667 3.181526
165.677 3.196097
165.687 3.204282
165.697 3.215258
165.707 3.222995
165.718 3.225021
165.728 3.225696
165.738 3.224462
165.748 3.222995
165.758 3.223550
165.768 3.225522
165.778 3.225742
165.788 3.230554
165.798 3.230600
165.808 3.230306
165.818 3.225388
165.828 3.215893
165.838 3.204788
165.848 3.192988
165.858 3.180019
165.868 3.169310
165.878 3.158249
165.888 3.148812
165.898 3.137827
165.908 3.127148
165.918 3.116113
165.928 3.102210
165.938 3.085594
165.948 3.071597
165.958 3.055723
165.968 3.049188
165.978 3.037701
165.988 3.026241
165.998 3.010158
166.008 2.989129
166.018 2.973338
166.028 2.953724
166.038 2.942146
166.048 2.919966
166.059 2.899986
166.069 2.888390
166.079 2.874237
166.089 2.855884
166.099 2.841570
166.109 2.849802
166.119 2.846529
166.129 2.841439
166.139 2.831003
166.149 2.824071
166.159 2.808865
166.169 2.799072
166.179 2.782850
166.189 2.764320
166.199 2.746278
166.209 2.729428
166.219 2.710600
166.230 2.685660
166.240 2.668284
166.250 2.658086
166.260 2.653262
166.270 2.648577
166.280 2.652996
166.290 2.657349
166.300 2.664817
166.310 2.673578
166.320 2.677688
166.330 2.676796
166.340 2.676667
166.350 2.674350
166.360 2.675700
166.370 2.675385
166.380 2.674228
166.390 2.677918
166.400 2.678600
166.410 2.706211
166.420 2.728022
166.430 2.739570
166.440 2.743064
166.450 2.749760
166.460 2.760158
166.470 2.771043
166.480 2.781684
166.490 2.794718
166.500 2.803219
166.510 2.816518
166.520 2.832238
166.530 2.843595
166.540 2.856083
166.550 2.871567
166.560 2.885315
166.571 2.900162
166.581 2.914081
166.591 2.928309
166.601 2.941717
166.611 2.951612
166.621 2.966107
166.631 2.979247
166.641 2.990888
166.651 3.001270
166.661 3.013862
166.671 3.021815
166.681 3.053527
166.691 3.055533
166.701 3.074958
166.711 3.078392
166.721 3.085955
166.731 3.092314
166.742 3.102113
166.752 3.111052
166.762 3.120546
166.772 3.123548
166.782 3.124326
166.792 3.127649
166.802 3.132679
166.812 3.139154
166.822 3.144126
166.832 3.156208
166.842 3.161952
166.852 3.166635
166.862 3.171948
166.872 3.174751
166.882 3.173760
166.892 3.176942
166.902 3.173417
166.912 3.168331
166.922 3.163317
166.932 3.152633
166.942 3.144343
166.952 3.137602
166.962 3.134819
166.972 3.135391
166.982 3.132283
166.992 3.125823
167.002 3.114820
167.012 3.104304
167.022 3.089528
167.032 3.077916
167.042 3.067737
167.052 3.060185
167.062 3.053919
167.072 3.046965
167.083 3.042737
167.093 3.033538
167.103 3.022273
167.113 3.010422
167.123 2.991530
167.133 2.979350
167.143 2.963144
167.153 2.947923
167.163 2.927758
167.173 2.927297
167.183 2.910078
167.193 2.896490
167.203 2.891434
167.213 2.877966
167.223 2.862694
167.233 2.854186
167.243 2.843208
167.254 2.827221
167.264 2.807816
167.274 2.788547
167.284 2.770010
167.294 2.755088
167.304 2.741970
167.314 2.730734
167.324 2.724169
167.334 2.721144
167.344 2.722571
167.354 2.727467
167.364 2.734892
167.374 2.734213
167.384 2.731838
167.394 2.727674
167.404 2.720294
167.414 2.718631
167.424 2.716330
167.434 2.721927
167.444 2.723562
167.454 2.721589
167.464 2.726549
167.474 2.729079
167.484 2.727996
167.494 2.729064
167.504 2.730158
167.514 2.735666
167.524 2.738417
167.534 2.741990
167.544 2.767572
167.554 2.784212
167.564 2.792156
167.574 2.805935
167.584 2.811901
167.595 2.816040
167.605 2.819334
167.615 2.823628
167.625 2.828772
167.635 2.839387
167.645 2.845727
167.655 2.858168
167.665 2.867708
167.675 2.880674
167.685 2.892152
167.695 2.929885
167.705 2.921178
167.715 2.931227
167.725 2.945299
167.735 2.957813
167.745 2.969537
167.755 2.983956
167.766 2.996116
167.776 3.006930
167.786 3.016446
167.796 3.026053
167.806 3.033215
167.816 3.042625
167.826 3.052381
167.836 3.064974
167.846 3.072111
167.856 3.080739
167.866 3.085828
167.876 3.089476
167.886 3.091490
167.896 3.096009
167.906 3.098557
167.916 3.102027
167.926 3.102331
167.936 3.104941
167.946 3.108078
167.956 3.113360
167.966 3.117485
167.976 3.124722
167.986 3.125261
167.996 3.124275
168.006 3.119531
168.016 3.115303
168.026 3.109720
168.036 3.103201
168.046 3.097723
168.056 3.093673
168.066 3.091427
168.076 3.089771
168.086 3.086671
168.096 3.081335
168.107 3.079061
168.117 3.076583
168.127 3.064128
168.137 3.052049
168.147 3.038099
168.157 3.030011
168.167 3.019798
168.177 3.016180
168.187 3.010182
168.197 3.005176
168.207 2.995344
168.217 2.984890
168.227 2.973687
168.237 2.965649
168.247 2.953049
168.257 2.945630
168.267 2.934483
168.278 2.917937
168.288 2.907545
168.298 2.898058
168.308 2.887111
168.318 2.876804
168.328 2.867298
168.338 2.857917
168.348 2.848280
168.358 2.843277
168.368 2.832486
168.378 2.829092
168.388 2.823631
168.398 2.816719
168.408 2.809869
168.418 2.801961
168.428 2.782860
168.438 2.776223
168.448 2.772849
168.458 2.768452
168.468 2.762188
168.478 2.754332
168.488 2.750770
168.498 2.748278
168.508 2.743958
168.518 2.741444
168.528 2.739999
168.538 2.741717
168.548 2.746622
168.558 2.746301
168.568 2.753027
168.578 2.753362
168.588 2.755464
168.598 2.758785
168.608 2.766949
168.619 2.775346
168.629 2.791882
168.639 2.803298
168.649 2.809626
168.659 2.808663
168.669 2.804023
168.679 2.800613
168.689 2.803884
168.699 2.815155
168.709 2.822655
168.719 2.834203
168.729 2.844856
168.739 2.854600
168.749 2.862636
168.759 2.868086
168.769 2.874553
168.779 2.881783
168.790 2.893239
168.800 2.903555
168.810 2.914562
168.820 2.923459
168.830 2.937907
168.840 2.943412
168.850 2.952198
168.860 2.960551
168.870 2.966771
168.880 2.974912
168.890 2.984028
168.900 2.991016
168.910 2.997889
168.920 3.008666
168.930 3.017324
168.940 3.027453
168.950 3.035338
168.960 3.042734
168.970 3.049009
168.980 3.052058
168.990 3.055702
169.000 3.060048
169.010 3.059869
169.020 3.064086
169.030 3.068170
169.040 3.069048
169.050 3.070053
169.060 3.072198
169.070 3.074882
169.080 3.075487
169.090 3.076003
169.100 3.079287
169.110 3.078633
169.120 3.078149
169.131 3.077260
169.141 3.047448
169.151 3.065306
169.161 3.062330
169.171 3.058019
169.181 3.054433
169.191 3.050359
169.201 3.042649
169.211 3.037105
169.221 3.031457
169.231 3.029209
169.241 3.024740
169.251 3.020188
169.261 3.017344
169.271 3.012464
169.281 3.006614
169.291 2.996984
169.302 2.989376
169.312 2.980985
169.322 2.972275
169.332 2.964598
169.342 2.956798
169.352 2.949619
169.362 2.941016
169.372 2.931228
169.382 2.919880
169.392 2.913253
169.402 2.902163
169.412 2.897513
169.422 2.886378
169.432 2.879621
169.442 2.871053
169.452 2.864911
169.462 2.856993
169.472 2.850432
169.482 2.842187
169.492 2.839395
169.502 2.836369
169.512 2.835892
169.522 2.830842
169.532 2.822532
169.542 2.820261
169.552 2.815543
169.562 2.811946
169.572 2.810691
169.582 2.806283
169.592 2.800218
169.602 2.797022
169.612 2.787644
169.622 2.783541
169.632 2.780158
169.643 2.783642
169.653 2.787604
169.663 2.792381
169.673 2.794221
169.683 2.797843
169.693 2.799624
169.703 2.798589
169.713 2.799912
169.723 2.805591
169.733 2.806800
169.743 2.807749
169.753 2.836435
169.763 2.843373
169.773 2.842339
169.783 2.843784
169.793 2.846965
169.803 2.852999
169.814 2.857121
169.824 2.857511
169.834 2.865451
169.844 2.869363
169.854 2.881549
169.864 2.884152
169.874 2.893799
169.884 2.901646
169.894 2.904833
169.904 2.912678
169.914 2.920239
169.924 2.926687
169.934 2.935881
169.944 2.943472
169.954 2.947814
169.964 2.955078
169.974 2.959257
169.984 2.962818
169.994 2.971164
170.004 2.976794
170.014 2.987787
170.024 2.995467
170.034 2.999828
170.044 3.006216
170.054 3.010133
170.064 3.012380
170.074 3.016783
170.084 3.019566
170.094 3.023123
170.104 3.027075
170.114 3.028552
170.124 3.030964
170.134 3.037673
170.144 3.040357
170.155 3.043738
170.165 3.041850
170.175 3.044214
170.185 3.041568
170.195 3.041333
170.205 3.040761
170.215 3.036806
170.225 3.035762
170.235 3.034164
170.245 3.031169
170.255 3.027917
170.265 3.023812
170.275 3.017346
170.285 3.016091
170.295 3.015700
170.305 3.013803
170.315 3.013389
170.326 3.009035
170.336 3.003821
170.346 2.996401
170.356 2.987604
170.366 2.976412
170.376 2.967807
170.386 2.956108
170.396 2.954289
170.406 2.952107
170.416 2.947615
170.426 2.949021
170.436 2.947612
170.446 2.942181
170.456 2.938225
170.466 2.927036
170.476 2.920260
170.486 2.911851
170.496 2.904463
170.506 2.895673
170.516 2.887084
170.526 2.882643
170.536 2.874053
170.546 2.866783
170.556 2.859455
170.566 2.853253
170.576 2.849310
170.586 2.849190
170.596 2.843612
170.606 2.841669
170.616 2.834734
170.626 2.832538
170.636 2.828916
170.646 2.828393
170.656 2.826868
170.667 2.825388
170.677 2.824982
170.687 2.821643
170.697 2.820387
170.707 2.821141
170.717 2.820881
170.727 2.819356
170.737 2.814878
170.747 2.811103
170.757 2.809182
170.767 2.806540
170.777 2.805017
170.787 2.804922
170.797 2.806311
170.807 2.809084
170.817 2.813190
170.827 2.816252
170.838 2.817176
170.848 2.830511
170.858 2.842819
170.868 2.849631
170.878 2.852344
170.888 2.851916
170.898 2.852576
170.908 2.854190
170.918 2.855667
170.928 2.862778
170.938 2.875126
170.948 2.888726
170.958 2.897104
170.968 2.898583
170.978 2.899019
170.988 2.900789
170.998 2.902668
171.008 2.908559
171.018 2.917118
171.028 2.922709
171.038 2.931372
171.048 2.935981
171.058 2.942789
171.068 2.949219
171.078 2.952087
171.088 2.955125
171.098 2.962140
171.108 2.963147
171.118 2.962788
171.128 2.966812
171.138 2.969985
171.148 2.980066
171.158 2.990114
171.168 3.000206
171.179 3.011293
171.189 3.017261
171.199 3.020005
171.209 3.012859
171.219 3.005223
171.229 2.999176
171.239 3.003734
171.249 3.006074
171.259 3.014153
171.269 3.020232
171.279 3.020662
171.289 3.017351
171.299 3.003160
171.309 3.001390
171.319 2.996884
171.329 2.997463
171.339 3.004405
171.350 3.005465
171.360 3.015264
171.370 3.008555
171.380 3.003667
171.390 2.994566
171.400 2.988655
171.410 2.978752
171.420 2.972301
171.430 2.962101
171.440 2.977018
171.450 2.984560
171.460 2.974782
171.470 2.977100
171.480 2.964257
171.490 2.958026
171.500 2.949014
171.510 2.940916
171.520 2.932715
171.530 2.931783
171.540 2.929574
171.550 2.924501
171.560 2.921293
171.570 2.914044
171.580 2.905360
171.590 2.908381
171.600 2.906886
171.610 2.901326
171.620 2.898532
171.630 2.890257
171.640 2.883365
171.650 2.875883
171.660 2.869048
171.670 2.866046
171.680 2.862281
171.691 2.858465
171.701 2.853773
171.711 2.849229
171.721 2.849329
171.731 2.849159
171.741 2.848339
171.751 2.846684
171.761 2.844761
171.771 2.842070
171.781 2.841140
171.791 2.839104
171.801 2.838425
171.811 2.839303
171.821 2.840480
171.831 2.839480
171.841 2.839386
171.851 2.834974
171.862 2.835813
171.872 2.837574
171.882 2.841485
171.892 2.844345
171.902 2.850482
171.912 2.852464
171.922 2.852295
171.932 2.853570
171.942 2.851348
171.952 2.853171
171.962 2.858582
171.972 2.861573
171.982 2.866451
171.992 2.871810
172.002 2.874713
172.012 2.880699
172.022 2.884065
172.032 2.882218
172.042 2.883142
172.052 2.885563
172.062 2.886484
172.072 2.892025
172.082 2.895464
172.092 2.900100
172.102 2.904886
172.112 2.911418
172.122 2.918265
172.132 2.926890
172.142 2.932889
172.152 2.937226
172.162 2.941331
172.172 2.942886
172.182 2.946311
172.192 2.951989
172.203 2.956057
172.213 2.958770
172.223 2.959716
172.233 2.962886
172.243 2.961903
172.253 2.964815
172.263 2.970030
172.273 2.973602
172.283 2.975917
172.293 2.973037
172.303 2.971448
172.313 2.969963
172.323 2.971182
172.333 2.976159
172.343 2.977895
172.353 2.982106
172.363 2.979410
172.374 2.976555
172.384 2.975574
172.394 2.973478
172.404 2.972727
172.414 2.973640
172.424 2.977322
172.434 2.975847
172.444 2.972105
172.454 2.965706
172.464 2.959623
172.474 2.956714
172.484 2.953628
172.494 2.952015
172.504 2.951144
172.514 2.951250
172.524 2.948994
172.534 2.948062
172.544 2.946760
172.554 2.945507
172.564 2.941452
172.574 2.937781
172.584 2.931818
172.594 2.926810
172.604 2.925670
172.614 2.922554
172.624 2.919113
172.634 2.917520
172.644 2.914277
172.654 2.906932
172.664 2.902325
172.674 2.898110
172.684 2.894024
172.694 2.891436
172.704 2.888013
172.715 2.888364
172.725 2.883546
172.735 2.883152
172.745 2.878943
172.755 2.874840
172.765 2.871339
172.775 2.869604
172.785 2.864976
172.795 2.866717
172.805 2.866623
172.815 2.867261
172.825 2.867556
172.835 2.866186
172.845 2.864415
172.855 2.862680
172.865 2.859953
172.875 2.859729
172.886 2.856949
172.896 2.856908
172.906 2.853620
172.916 2.858061
172.926 2.863154
172.936 2.867547
172.946 2.871201
172.956 2.873762
172.966 2.873313
172.976 2.870680
172.986 2.869802
172.996 2.868606
173.006 2.871216
173.016 2.872075
173.026 2.876098
173.036 2.879371
173.046 2.883066
173.056 2.887277
173.066 2.888558
173.076 2.893828
173.086 2.892811
173.096 2.894691
173.106 2.897541
173.116 2.901138
173.126 2.904832
173.136 2.908362
173.146 2.911499
173.156 2.911549
173.166 2.914589
173.176 2.920441
173.186 2.923261
173.196 2.924063
173.206 2.924364
173.216 2.925362
173.227 2.929454
173.237 2.931827
173.247 2.935287
173.257 2.938046
173.267 2.944127
173.277 2.948657
173.287 2.951371
173.297 2.951756
173.307 2.951634
173.317 2.954270
173.327 2.950962
173.337 2.950196
173.347 2.949833
173.357 2.952164
173.367 2.955052
173.377 2.958220
173.387 2.959638
173.398 2.957246
173.408 2.958216
173.418 2.954774
173.428 2.955434
173.438 2.953981
173.448 2.954022
173.458 2.953089
173.468 2.955492
173.478 2.953493
173.488 2.952637
173.498 2.951125
173.508 2.948592
173.518 2.947944
173.528 2.945122
173.538 2.941988
173.548 2.939908
173.558 2.940320
173.568 2.938842
173.578 2.938642
173.588 2.934644
173.598 2.932234
173.608 2.928653
173.618 2.926022
173.628 2.925592
173.638 2.924051
173.648 2.921916
173.658 2.919890
173.668 2.916284
173.678 2.914234
173.688 2.911924
173.698 2.910261
173.708 2.906605
173.718 2.905857
173.728 2.905292
173.739 2.903588
173.749 2.903265
173.759 2.900152
173.769 2.897229
173.779 2.892437
173.789 2.892786
173.799 2.890637
173.809 2.886061
173.819 2.883402
173.829 2.883038
173.839 2.881513
173.849 2.881996
173.859 2.881339
173.869 2.880093
173.879 2.875081
173.889 2.874260
173.899 2.875777
173.910 2.876600
173.920 2.879279
173.930 2.879355
173.940 2.879079
173.950 2.876462
173.960 2.877486
173.970 2.877346
173.980 2.875602
173.990 2.875331
174.000 2.876259
174.010 2.879621
174.020 2.884451
174.030 2.887614
174.040 2.888282
174.050 2.886044
174.060 2.887634
174.070 2.890029
174.080 2.890382
174.090 2.893458
174.100 2.896496
174.110 2.897967
174.120 2.895376
174.130 2.895239
174.140 2.899276
174.150 2.902376
174.160 2.904236
174.170 2.905471
174.180 2.906548
174.190 2.908008
174.200 2.909811
174.210 2.912820
174.220 2.916142
174.230 2.916648
174.240 2.916511
174.251 2.917972
174.261 2.918960
174.271 2.920133
174.281 2.922646
174.291 2.920864
174.301 2.922197
174.311 2.925094
174.321 2.927214
174.331 2.928606
174.341 2.929375
174.351 2.930051
174.361 2.931638
174.371 2.934208
174.381 2.934468
174.391 2.935793
174.401 2.936406
174.411 2.936594
174.422 2.938203
174.432 2.936161
174.442 2.939823
174.452 2.938662
174.462 2.936569
174.472 2.937290
174.482 2.941037
174.492 2.940676
174.502 2.938618
174.512 2.934857
174.522 2.932573
174.532 2.932524
174.542 2.932186
174.552 2.933295
174.562 2.933883
174.572 2.937944
174.582 2.935041
174.592 2.931476
174.602 2.926728
